4.674087546535e-02 6.444680664971e-02 8.118370396045e-02 9.629889045591e-02 1.033405431165e-01 1.000643867925e-01 8.668714269062e-02 6.641173266812e-02 4.798590839223e-02 4.798588243185e-02 6.641171637030e-02 8.668709839799e-02 1.000643495727e-01 1.033405436877e-01 9.629891401476e-02 8.118374109887e-02 6.444681362003e-02 4.674088008668e-02
 5.265730225704e-02 7.686194488321e-02 1.045764902478e-01 1.329954057758e-01 1.479857458736e-01 1.445574138105e-01 1.232037048580e-01 8.800324214143e-02 5.114824717178e-02 5.114831933660e-02 8.800326394953e-02 1.232037006862e-01 1.445572885837e-01 1.479856396643e-01 1.329954973886e-01 1.045766032283e-01 7.686197885469e-02 5.265732029435e-02
 5.644888555378e-02 8.529564030183e-02 1.229372603764e-01 1.666711624255e-01 1.929783407922e-01 1.917883320509e-01 1.625187508816e-01 1.089480282443e-01 3.952711512628e-02 3.952700457753e-02 1.089479603859e-01 1.625188691486e-01 1.917883350033e-01 1.929780916618e-01 1.666711384689e-01 1.229372943638e-01 8.529564731860e-02 5.644890513961e-02
 5.736905765226e-02 8.920342190597e-02 1.318326316232e-01 1.866892177587e-01 2.261391535537e-01 2.336015456327e-01 2.068482362371e-01 1.524691162555e-01 9.314901909342e-02 9.314888824662e-02 1.524690946969e-01 2.068482236008e-01 2.336014560101e-01 2.261389836730e-01 1.866890566143e-01 1.318324650703e-01 8.920341396737e-02 5.736909419161e-02
 5.487141362479e-02 8.717273909463e-02 1.314463530845e-01 1.941623189599e-01 2.464979026365e-01 2.644958552368e-01 2.441235507018e-01 1.940907996759e-01 1.426671249196e-01 1.426673193526e-01 1.940907364602e-01 2.441233495779e-01 2.644956493382e-01 2.464978209655e-01 1.941620625332e-01 1.314462244297e-01 8.717278008206e-02 5.487144077252e-02
 4.887188969808e-02 7.861115027801e-02 1.206320232213e-01 1.876416336321e-01 2.507559590144e-01 2.776835694608e-01 2.624890841099e-01 2.145707347471e-01 1.645571881482e-01 1.645573745940e-01 2.145705532505e-01 2.624889145668e-01 2.776834836850e-01 2.507557786512e-01 1.876414763674e-01 1.206321247793e-01 7.861119444310e-02 4.887192172625e-02
 3.990293060531e-02 6.409332627524e-02 1.005254136798e-01 1.692962205801e-01 2.404466110795e-01 2.730864341601e-01 2.598832226790e-01 2.099132696712e-01 1.551251769881e-01 1.551251430903e-01 2.099134108183e-01 2.598830204359e-01 2.730863581560e-01 2.404465623107e-01 1.692962711467e-01 1.005255382889e-01 6.409337288778e-02 3.990297502399e-02
 2.925947995444e-02 4.558761197088e-02 7.515178887161e-02 1.456999762056e-01 2.220998960774e-01 2.569182746442e-01 2.425187363515e-01 1.865195039081e-01 1.194049006487e-01 1.194048720337e-01 1.865193785725e-01 2.425185025611e-01 2.569184457042e-01 2.221000322389e-01 1.457000754671e-01 7.515193268198e-02 4.558767313702e-02 2.925949670450e-02
 1.953060773724e-02 2.752767367457e-02 5.342272950639e-02 1.274280342666e-01 2.053942785226e-01 2.393859356701e-01 2.224323578977e-01 1.597873157751e-01 7.254001859842e-02 7.253974774344e-02 1.597870859953e-01 2.224321506268e-01 2.393857804033e-01 2.053945304275e-01 1.274282841220e-01 5.342269037880e-02 2.752765551361e-02 1.953060103338e-02
 1.585543450999e-02 2.174745200183e-02 5.015989075939e-02 1.237737132300e-01 1.979873456094e-01 2.292964708872e-01 2.114491083079e-01 1.489318457669e-01 5.733769324092e-02 5.733724201431e-02 1.489314467020e-01 2.114489207304e-01 2.292967294903e-01 1.979875593836e-01 1.237736800611e-01 5.015983923581e-02 2.174739871074e-02 1.585540242882e-02
 2.010310075963e-02 3.278499073328e-02 6.481151575079e-02 1.328925945075e-01 1.994663235680e-01 2.276429535772e-01 2.121014165433e-01 1.593220442388e-01 9.479927986974e-02 9.479921301298e-02 1.593220891589e-01 2.121015133841e-01 2.276430436026e-01 1.994662755827e-01 1.328927080554e-01 6.481155406663e-02 3.278496653596e-02 2.010306823485e-02
 2.603008842422e-02 4.534962083738e-02 8.118783175652e-02 1.440409186105e-01 2.021824780274e-01 2.274155643656e-01 2.159580109286e-01 1.759841773479e-01 1.334106932882e-01 1.334104468537e-01 1.759841683859e-01 2.159580470711e-01 2.274156885116e-01 2.021822256368e-01 1.440409902755e-01 8.118795117154e-02 4.534963722886e-02 2.603010297784e-02
 2.994535001810e-02 5.329376311055e-02 9.088990826934e-02 1.482809985474e-01 1.980198523718e-01 2.201137403578e-01 2.123741573407e-01 1.831000286828e-01 1.539841025964e-01 1.539839059027e-01 1.830998521880e-01 2.123739799239e-01 2.201135229491e-01 1.980194598172e-01 1.482807997952e-01 9.088986767247e-02 5.329379390965e-02 2.994536961439e-02
 3.087584803742e-02 5.529488931001e-02 9.154031331954e-02 1.417544804108e-01 1.826506826131e-01 2.008159600870e-01 1.952541775828e-01 1.733901122975e-01 1.523911474486e-01 1.523913247346e-01 1.733897649659e-01 1.952536586933e-01 2.008153524881e-01 1.826504340780e-01 1.417543581729e-01 9.154013221143e-02 5.529487780001e-02 3.087587797980e-02
 2.894250766283e-02 5.171628843584e-02 8.358208429021e-02 1.245220682606e-01 1.558404778045e-01 1.690498327564e-01 1.638483663624e-01 1.463705129814e-01 1.300584585917e-01 1.300583883395e-01 1.463701490610e-01 1.638477806725e-01 1.690493192679e-01 1.558400055831e-01 1.245219543750e-01 8.358210448389e-02 5.171630473433e-02 2.894254557057e-02
 2.482766209823e-02 4.387268027243e-02 6.900852474531e-02 9.899591048310e-02 1.201831859949e-01 1.276053677529e-01 1.211696848460e-01 1.055214568154e-01 9.127679459397e-02 9.127669822430e-02 1.055212413707e-01 1.211691152727e-01 1.276051199912e-01 1.201827719520e-01 9.899597706706e-02 6.900881172485e-02 4.387274771905e-02 2.482767240365e-02
 1.949910544458e-02 3.360875044785e-02 5.052903465887e-02 6.858793332467e-02 7.975449664080e-02 8.132186603794e-02 7.283860523516e-02 5.689222794006e-02 4.139805071964e-02 4.139810899083e-02 5.689232191515e-02 7.283840249519e-02 8.132173746236e-02 7.975426297347e-02 6.858792459730e-02 5.052915331215e-02 3.360878314967e-02 1.949913870413e-02
 1.400186209170e-02 2.301538086463e-02 3.218481381068e-02 4.064170238096e-02 4.517567323316e-02 4.432505300225e-02 3.748587303204e-02 2.531504825350e-02 1.003870074493e-02 1.003886544560e-02 2.531520665906e-02 3.748587374283e-02 4.432495841172e-02 4.517559720630e-02 4.064172953681e-02 3.218487772574e-02 2.301541609325e-02 1.400186623678e-02
 9.271986735100e-03 1.443639686177e-02 1.896809440327e-02 2.281879545999e-02 2.475053066760e-02 2.392148418337e-02 2.001301125122e-02 1.332357868817e-02 4.744373681606e-03 4.744451151424e-03 1.332365367408e-02 2.001300679432e-02 2.392143069701e-02 2.475053219035e-02 2.281884441879e-02 1.896812724616e-02 1.443640812034e-02 9.271975248354e-03
 5.727610985441e-03 8.525923010695e-03 1.077857484594e-02 1.260797769713e-02 1.343465635338e-02 1.283962332194e-02 1.066734427606e-02 7.073002747430e-03 2.512369523787e-03 2.512404531578e-03 7.072990371977e-03 1.066732783832e-02 1.283960998306e-02 1.343465577357e-02 1.260803532015e-02 1.077861697207e-02 8.525897502307e-03 5.727597176733e-03
 3.320334111327e-03 4.764547214690e-03 5.857310481409e-03 6.701878633733e-03 7.033239308775e-03 6.654948147671e-03 5.495860817638e-03 3.636064515513e-03 1.314717324008e-03 1.314680971488e-03 3.636051229734e-03 5.495804012678e-03 6.654927656285e-03 7.033248127142e-03 6.701885525618e-03 5.857342675111e-03 4.764574005553e-03 3.320295000614e-03
 1.814325539412e-03 2.521730769631e-03 3.031924504555e-03 3.407213259383e-03 3.529759205071e-03 3.311600810782e-03 2.722536385935e-03 1.804488169197e-03 6.907714788821e-04 6.907204724216e-04 1.804430633170e-03 2.722509658291e-03 3.311547462720e-03 3.529740573468e-03 3.407250962771e-03 3.031925731172e-03 2.521723165321e-03 1.814297167574e-03
 9.469417666597e-04 1.271087776663e-03 1.496072475574e-03 1.653704964068e-03 1.693446313739e-03 1.577782466987e-03 1.295600800264e-03 8.698591288117e-04 3.833127510307e-04 3.832901190729e-04 8.697787582578e-04 1.295536969324e-03 1.577762703790e-03 1.693430171845e-03 1.653686128440e-03 1.496098553509e-03 1.271089059642e-03 9.469234338166e-04
 4.972626769316e-04 6.308992127926e-04 7.204499898761e-04 7.793519011317e-04 7.871246536168e-04 7.295007497669e-04 6.031781472206e-04 4.224365283577e-04 2.399151812492e-04 2.398900426794e-04 4.223811594659e-04 6.031263177586e-04 7.294624817708e-04 7.871239221579e-04 7.793492295970e-04 7.204473343887e-04 6.308948841551e-04 4.972543176668e-04
 2.996226529057e-04 3.458901137317e-04 3.736480163595e-04 3.881987800749e-04 3.825288965435e-04 3.519948784241e-04 2.973834677380e-04 2.277395875548e-04 1.692941508157e-04 1.692572762043e-04 2.277170804631e-04 2.973442689829e-04 3.519852445274e-04 3.824894548935e-04 3.881667635075e-04 3.736725609748e-04 3.458973875441e-04 2.995990814196e-04
 2.286073559162e-04 2.428219983651e-04 2.469193670660e-04 2.433394755925e-04 2.308760387228e-04 2.091067863318e-04 1.798798656264e-04 1.487977918201e-04 1.267844900817e-04 1.267871199483e-04 1.487701052341e-04 1.798446408015e-04 2.090691594595e-04 2.308446035609e-04 2.433477388262e-04 2.468622798300e-04 2.428004946590e-04 2.286180826229e-04
 2.035608060450e-04 2.081377780568e-04 2.051990543094e-04 1.961524940339e-04 1.808920091340e-04 1.600701332808e-04 1.357978183514e-04 1.122292858207e-04 9.643893365439e-05 9.645330302296e-05 1.122162930544e-04 1.358055512977e-04 1.600427548348e-04 1.808423885195e-04 1.961575821998e-04 2.052118457955e-04 2.081291628422e-04 2.035535709816e-04
 1.929543339826e-04 1.932900682852e-04 1.876943345648e-04 1.765577168366e-04 1.598652947174e-04 1.384574899541e-04 1.139578733658e-04 8.993967081071e-05 7.341792092756e-05 7.343133608166e-05 8.996052973619e-05 1.139614012385e-04 1.384445362149e-04 1.598904647715e-04 1.765379764387e-04 1.877019960501e-04 1.933302995518e-04 1.929428938492e-04
 1.883881997168e-04 1.857199178732e-04 1.781741210330e-04 1.655336932154e-04 1.477399488565e-04 1.254211137593e-04 9.998371499188e-05 7.432227579191e-05 5.545167551092e-05 5.545275198220e-05 7.434014871037e-05 1.000120844778e-04 1.254379445024e-04 1.477470261749e-04 1.655506853749e-04 1.781854096302e-04 1.857331828002e-04 1.883813822284e-04
 1.872880681904e-04 1.821832476771e-04 1.730356727831e-04 1.589611122742e-04 1.401792933243e-04 1.170010969367e-04 9.049171784746e-05 6.300646307226e-05 4.093132051241e-05 4.090203450078e-05 6.302571726279e-05 9.051231321227e-05 1.170145933044e-04 1.401716387013e-04 1.590049895589e-04 1.730563118415e-04 1.821608453798e-04 1.873053966751e-04
 1.885337596120e-04 1.814169043290e-04 1.708973830051e-04 1.557222441229e-04 1.359364573635e-04 1.118985073467e-04 8.451747494463e-05 5.522808306861e-05 2.894259954713e-05 2.895301672088e-05 5.519099541665e-05 8.448998957588e-05 1.119416106402e-04 1.359517605022e-04 1.557177151400e-04 1.709223411897e-04 1.814425159516e-04 1.885491869107e-04
 1.913444509408e-04 1.826486845110e-04 1.710440681735e-04 1.549441904471e-04 1.343471906310e-04 1.096739071527e-04 8.154849153217e-05 5.101974585810e-05 2.070528730914e-05 2.068759089816e-05 5.101610832871e-05 8.154962856052e-05 1.096543128655e-04 1.343627683826e-04 1.549511984750e-04 1.710646944808e-04 1.826797757490e-04 1.913455190630e-04
 1.949362428286e-04 1.851043495029e-04 1.727123226114e-04 1.558658338007e-04 1.347357750116e-04 1.096919046309e-04 8.130301838790e-05 5.060043603237e-05 1.984945584825e-05 1.983855786645e-05 5.058220356341e-05 8.131447282681e-05 1.096709576851e-04 1.347415778801e-04 1.558750633421e-04 1.726860667188e-04 1.850927073264e-04 1.949398651297e-04
 1.986457414916e-04 1.879521218788e-04 1.750140597030e-04 1.577343250996e-04 1.363675684937e-04 1.112374483080e-04 8.312970199903e-05 5.336075770715e-05 2.602814803510e-05 2.604319143532e-05 5.335288683794e-05 8.312274944255e-05 1.112377807160e-04 1.363334772183e-04 1.577341523334e-04 1.749942715946e-04 1.879112857583e-04 1.986290002912e-04
 2.019323967303e-04 1.906442989038e-04 1.774067861159e-04 1.599622596544e-04 1.385364177411e-04 1.136383803063e-04 8.615597576672e-05 5.783413952215e-05 3.431120540498e-05 3.432248235717e-05 5.783650816300e-05 8.614121585006e-05 1.136392803074e-04 1.385410124771e-04 1.599444300126e-04 1.773901030948e-04 1.906364631273e-04 2.018956055296e-04
 2.045825547758e-04 1.930622555039e-04 1.797289710400e-04 1.623381537276e-04 1.410202851647e-04 1.164525740348e-04 8.961438334521e-05 6.259439602842e-05 4.162183392470e-05 4.161778695890e-05 6.262669528741e-05 8.959801403149e-05 1.164384577574e-04 1.410670286947e-04 1.623202254890e-04 1.797492213223e-04 1.930892288971e-04 2.045518931902e-04
 2.067873154658e-04 1.954867972973e-04 1.823926233251e-04 1.652080444248e-04 1.441791359384e-04 1.198147759744e-04 9.315664551749e-05 6.676331735512e-05 4.688111073856e-05 4.687883786705e-05 6.674403709392e-05 9.315958141910e-05 1.198189884049e-04 1.441602683536e-04 1.652704450681e-04 1.824320824622e-04 1.954784243047e-04 2.068038367526e-04
 2.093064210980e-04 1.990560270202e-04 1.867528203535e-04 1.702258598690e-04 1.495084407617e-04 1.249348913306e-04 9.778746821177e-05 7.055894707886e-05 5.002205600325e-05 5.002867374905e-05 7.056043244210e-05 9.776443528788e-05 1.249077204750e-04 1.495069922904e-04 1.702641246471e-04 1.867831517249e-04 1.990903033380e-04 2.093223002085e-04
 2.143397533507e-04 2.069762653231e-04 1.968371021841e-04 1.818491969261e-04 1.616250706718e-04 1.363714641366e-04 1.070654389339e-04 7.647177410644e-05 5.246517638010e-05 5.245999732533e-05 7.646618437026e-05 1.070323159887e-04 1.363511786489e-04 1.616409668562e-04 1.818174370688e-04 1.968532964180e-04 2.070421270687e-04 2.143397160285e-04
 2.275852779933e-04 2.279828245383e-04 2.232665213637e-04 2.122690520334e-04 1.934498403096e-04 1.661698161729e-04 1.311578440176e-04 9.160275118665e-05 5.763365842378e-05 5.765166985712e-05 9.157215741390e-05 1.311438447804e-04 1.661694362769e-04 1.934246648941e-04 2.122558112125e-04 2.232731229038e-04 2.279721404249e-04 2.275930933778e-04
 2.637753486606e-04 2.841923361716e-04 2.933571372166e-04 2.922777018980e-04 2.768024129378e-04 2.442196076087e-04 1.947577595687e-04 1.325300656719e-04 7.213566205222e-05 7.213617898702e-05 1.325207936068e-04 1.947634263017e-04 2.442284248161e-04 2.767705850993e-04 2.923008642702e-04 2.933251907678e-04 2.841593282187e-04 2.637891787003e-04
 3.591439668404e-04 4.271221496788e-04 4.684273484857e-04 4.898120645078e-04 4.810368460811e-04 4.349886818467e-04 3.504435055178e-04 2.339008091849e-04 1.078416670668e-04 1.078026227199e-04 2.338861938424e-04 3.504372834908e-04 4.350112233089e-04 4.810560592833e-04 4.897886467820e-04 4.684247929891e-04 4.271142172006e-04 3.591437190863e-04
 5.862026835014e-04 7.547051712045e-04 8.645391813493e-04 9.341775382394e-04 9.395408960787e-04 8.633220920540e-04 7.007068836353e-04 4.632356499062e-04 1.877064543229e-04 1.876587742653e-04 4.632142131491e-04 7.007339580891e-04 8.633398597267e-04 9.395812574799e-04 9.341771662608e-04 8.645144011847e-04 7.547046999276e-04 5.862177590134e-04
 1.059046601759e-03 1.428299834283e-03 1.680636095056e-03 1.854670497149e-03 1.894907819394e-03 1.760218561140e-03 1.437113879117e-03 9.473302632084e-04 3.565213206656e-04 3.564552970946e-04 9.473175172420e-04 1.437124089788e-03 1.760270937521e-03 1.894940635732e-03 1.854680340681e-03 1.680599178215e-03 1.428291643293e-03 1.059068134422e-03
 1.940637378031e-03 2.700421107157e-03 3.244954140988e-03 3.644335863043e-03 3.773687561508e-03 3.538554560210e-03 2.905562663099e-03 1.916655850148e-03 6.957553689778e-04 6.956710439126e-04 1.916611550756e-03 2.905592107452e-03 3.538606740310e-03 3.773703507224e-03 3.644348805510e-03 3.244937868578e-03 2.700358545300e-03 1.940658133282e-03
 3.451219228744e-03 4.945876425616e-03 6.076059535683e-03 6.953079440007e-03 7.301280645985e-03 6.913170402882e-03 5.711376199068e-03 3.776587077386e-03 1.348629917341e-03 1.348567861729e-03 3.776564044245e-03 5.711414069221e-03 6.913185281334e-03 7.301322813082e-03 6.953076683333e-03 6.076018560551e-03 4.945855278630e-03 3.451222342892e-03
 5.855047170539e-03 8.678315132391e-03 1.095346459340e-02 1.282169869136e-02 1.367993892166e-02 1.309102983249e-02 1.088782453239e-02 7.223573566417e-03 2.561780390590e-03 2.561756082319e-03 7.223599867431e-03 1.088781478406e-02 1.309104717944e-02 1.367997174803e-02 1.282168075779e-02 1.095343983917e-02 8.678317566176e-03 5.855025481985e-03
 9.402192609352e-03 1.451645185026e-02 1.898968228062e-02 2.288267538773e-02 2.486675903060e-02 2.407505505677e-02 2.016743977640e-02 1.343243005814e-02 4.754168703317e-03 4.754221270727e-03 1.343244794371e-02 2.016742237820e-02 2.407507023581e-02 2.486676485016e-02 2.288266825741e-02 1.898965507812e-02 1.451641046495e-02 9.402195051778e-03
 1.419042210148e-02 2.300545422452e-02 3.179911925634e-02 4.001344348931e-02 4.440063955094e-02 4.349043257074e-02 3.667572030105e-02 2.452886104441e-02 8.757932354544e-03 8.758151748107e-03 2.452886469476e-02 3.667559526688e-02 4.349039189538e-02 4.440066871244e-02 4.001340320927e-02 3.179906730019e-02 2.300544638554e-02 1.419042786702e-02
 1.991320436433e-02 3.375480483387e-02 4.955089599772e-02 6.539677174014e-02 7.405988551557e-02 7.330403037073e-02 6.239157687902e-02 4.262910379414e-02 1.844708676937e-02 1.844715448345e-02 4.262916578070e-02 6.239142688657e-02 7.330383171350e-02 7.405984999265e-02 6.539672813394e-02 4.955084308851e-02 3.375483479247e-02 1.991322898441e-02
 2.575572446413e-02 4.487584458572e-02 6.835806349984e-02 9.319716546002e-02 1.074957671085e-01 1.076870464893e-01 9.295976755740e-02 6.581709501009e-02 3.508318881581e-02 3.508319578511e-02 6.581714455721e-02 9.295961932234e-02 1.076867596716e-01 1.074954411607e-01 9.319712125277e-02 6.835826082925e-02 4.487593170322e-02 2.575573679745e-02
 3.067463118807e-02 5.412749146854e-02 8.411966151308e-02 1.174760513002e-01 1.380708552355e-01 1.400952042025e-01 1.223880940899e-01 8.853840323319e-02 5.120761556565e-02 5.120788862766e-02 8.853875945505e-02 1.223881085077e-01 1.400950680847e-01 1.380704774132e-01 1.174759836704e-01 8.411996216661e-02 5.412758365417e-02 3.067463557927e-02
 3.368460672638e-02 5.966385508408e-02 9.445100215896e-02 1.356796851410e-01 1.631236050247e-01 1.677931125261e-01 1.479576571221e-01 1.080122097040e-01 6.374519096714e-02 6.374570528574e-02 1.080128860445e-01 1.479579355180e-01 1.677931198765e-01 1.631234364986e-01 1.356796310812e-01 9.445116564068e-02 5.966391745486e-02 3.368461092509e-02
 3.403276849962e-02 6.014119936540e-02 9.741680869040e-02 1.453916955128e-01 1.799719124897e-01 1.880073181712e-01 1.670046610951e-01 1.217525541083e-01 7.011706429714e-02 7.011752176137e-02 1.217531650026e-01 1.670051064494e-01 1.880073048116e-01 1.799719123892e-01 1.453917527370e-01 9.741685674165e-02 6.014124003161e-02 3.403274438059e-02
 3.136139062427e-02 5.497188697192e-02 9.208074222649e-02 1.451943158832e-01 1.868002287935e-01 1.987681838503e-01 1.777078323418e-01 1.283161044862e-01 6.895752818365e-02 6.895769400558e-02 1.283165237126e-01 1.777080906206e-01 1.987681172141e-01 1.868003754476e-01 1.451943423661e-01 9.208061995514e-02 5.497188457575e-02 3.136137104513e-02
 2.586342201082e-02 4.456530850790e-02 7.895386649712e-02 1.353655316615e-01 1.834304049517e-01 1.996747472710e-01 1.798359878992e-01 1.281258057580e-01 6.145276137745e-02 6.145261031390e-02 1.281255299323e-01 1.798358103052e-01 1.996747319214e-01 1.834303931897e-01 1.353655413494e-01 7.895384200810e-02 4.456531240322e-02 2.586339422495e-02
 1.854605400868e-02 3.070265163413e-02 6.053026485945e-02 1.184699050941e-01 1.718312006368e-01 1.923204181336e-01 1.750796879140e-01 1.238010704620e-01 5.312613263379e-02 5.312591485606e-02 1.238005604973e-01 1.750794544500e-01 1.923204150242e-01 1.718313406494e-01 1.184701459715e-01 6.053032966563e-02 3.070264794400e-02 1.854600133478e-02
 1.238250956457e-02 1.858657880710e-02 4.281964699063e-02 9.988020112228e-02 1.561509226491e-01 1.800876858948e-01 1.665726089683e-01 1.192044797044e-01 5.314508849083e-02 5.314494081487e-02 1.192042489605e-01 1.665725765786e-01 1.800877570721e-01 1.561512899163e-01 9.988053641216e-02 4.281981650529e-02 1.858659897597e-02 1.238249273829e-02
 1.373585983627e-02 2.110846802856e-02 3.802676903252e-02 8.752285456944e-02 1.418461407706e-01 1.670555236826e-01 1.574049113269e-01 1.167685000192e-01 6.317794017862e-02 6.317821834618e-02 1.167685220204e-01 1.574048548846e-01 1.670556526319e-01 1.418465508178e-01 8.752289297964e-02 3.802669728108e-02 2.110847959554e-02 1.373584290777e-02
 2.113179645708e-02 3.430087346772e-02 5.020398322964e-02 8.745426193414e-02 1.333753821490e-01 1.561905197761e-01 1.488145701796e-01 1.151041859084e-01 7.382783787479e-02 7.382829788792e-02 1.151042479872e-01 1.488143663509e-01 1.561902999196e-01 1.333755277206e-01 8.745430226827e-02 5.020390940368e-02 3.430088309702e-02 2.113178609749e-02
 2.889189185695e-02 4.702089249479e-02 6.664960002229e-02 9.690208473342e-02 1.314078301324e-01 1.480433756039e-01 1.398275619886e-01 1.102173364726e-01 7.637662009626e-02 7.637684631303e-02 1.102172605017e-01 1.398273515498e-01 1.480432564362e-01 1.314076787812e-01 9.690191492008e-02 6.664952872472e-02 4.702089429808e-02 2.889187777854e-02
 3.492304713313e-02 5.605439050899e-02 7.958547446914e-02 1.080312917675e-01 1.328928794521e-01 1.414566065641e-01 1.292240422990e-01 9.946215964473e-02 6.708701572887e-02 6.708679820330e-02 9.946230546422e-02 1.292239169475e-01 1.414566748968e-01 1.328929583184e-01 1.080312128099e-01 7.958539824517e-02 5.605441916002e-02 3.492301951994e-02
 3.853052150488e-02 6.061425762724e-02 8.660717105587e-02 1.154143088571e-01 1.342159291758e-01 1.356406401382e-01 1.182228906046e-01 8.522036584802e-02 4.864488586161e-02 4.864488931943e-02 8.522057100262e-02 1.182229461253e-01 1.356406043139e-01 1.342156997479e-01 1.154142054729e-01 8.660720457285e-02 6.061431789590e-02 3.853050866470e-02
 3.959607514953e-02 6.095403615778e-02 8.772069328161e-02 1.170945107611e-01 1.333617471063e-01 1.311621528994e-01 1.111805244609e-01 7.684055544049e-02 3.762236497340e-02 3.762239069717e-02 7.684072859646e-02 1.111806603099e-01 1.311618647179e-01 1.333613839295e-01 1.170945083075e-01 8.772092929374e-02 6.095413277070e-02 3.959607204378e-02
 3.826945320060e-02 5.753845757098e-02 8.051234775169e-02 1.048304277208e-01 1.178791840215e-01 1.156869821675e-01 9.902884298225e-02 7.142383427261e-02 4.297019731778e-02 4.297011774028e-02 7.142385681206e-02 9.902891804619e-02 1.156868246283e-01 1.178790699413e-01 1.048304452375e-01 8.051243573747e-02 5.753853567844e-02 3.826946303123e-02
 3.482396129428e-02 4.984227297570e-02 6.518665807484e-02 7.991532774888e-02 8.730187560934e-02 8.511602125597e-02 7.331588466919e-02 5.443809080122e-02 3.609243085634e-02 3.609242608530e-02 5.443811591683e-02 7.331589551704e-02 8.511602549015e-02 8.730186084036e-02 7.991531400950e-02 6.518667127960e-02 4.984231106980e-02 3.482396521992e-02

