8.246241971956e-02 1.122287760905e-01 1.218209611533e-01 1.166777036428e-01 1.261573779432e-01 1.461845069662e-01 1.680499506529e-01 1.853960133551e-01 1.947964032790e-01 1.947963621816e-01 1.853961067636e-01 1.680499183564e-01 1.461845545562e-01 1.261573592046e-01 1.166776616027e-01 1.218209906707e-01 1.122287994222e-01 8.246241224590e-02
 1.159973034462e-01 1.774976517618e-01 2.147410804426e-01 2.326705616773e-01 2.634786347107e-01 3.100476894164e-01 3.548684858189e-01 3.885895999825e-01 4.064624285709e-01 4.064620442555e-01 3.885898622136e-01 3.548683449833e-01 3.100477997935e-01 2.634786190160e-01 2.326704800427e-01 2.147411211705e-01 1.774977083494e-01 1.159973006204e-01
 1.575952865243e-01 2.734790868205e-01 3.819022523291e-01 4.849247381643e-01 5.846199539635e-01 6.866715799628e-01 7.734758303389e-01 8.355785210257e-01 8.677970158026e-01 8.677965425386e-01 8.355784897758e-01 7.734756749506e-01 6.866715918149e-01 5.846201627572e-01 4.849247920343e-01 3.819023098486e-01 2.734791806335e-01 1.575952887839e-01
 1.981005427541e-01 3.667796325342e-01 5.580837574602e-01 7.617891456278e-01 9.412344396496e-01 1.103081360708e+00 1.233685963558e+00 1.324758691489e+00 1.371428053412e+00 1.371428178129e+00 1.324758374538e+00 1.233685644259e+00 1.103081483511e+00 9.412345582524e-01 7.617894732030e-01 5.580840352226e-01 3.667797477763e-01 1.981005583913e-01
 2.292245808347e-01 4.376569563481e-01 6.851258099235e-01 9.566923510449e-01 1.190206985439e+00 1.393542844300e+00 1.554419107356e+00 1.665307402839e+00 1.721777611584e+00 1.721777789102e+00 1.665307132301e+00 1.554418895142e+00 1.393543006789e+00 1.190206950352e+00 9.566927195707e-01 6.851261716956e-01 4.376570519644e-01 2.292246014913e-01
 2.461935959918e-01 4.773522232003e-01 7.544081882292e-01 1.059122785073e+00 1.317869410062e+00 1.540469294898e+00 1.715127270247e+00 1.834829251287e+00 1.895580866405e+00 1.895581023472e+00 1.834829015449e+00 1.715127507564e+00 1.540469190610e+00 1.317869695654e+00 1.059122799714e+00 7.544082766765e-01 4.773522754720e-01 2.461936116729e-01
 2.475048570917e-01 4.837297323491e-01 7.657171180705e-01 1.072507176192e+00 1.330139919984e+00 1.550887429823e+00 1.723450245374e+00 1.841352302469e+00 1.901068741438e+00 1.901068814337e+00 1.841352438551e+00 1.723450389404e+00 1.550887385284e+00 1.330140048818e+00 1.072506950190e+00 7.657171263722e-01 4.837297232652e-01 2.475048788785e-01
 2.344237462943e-01 4.600359155683e-01 7.266167756458e-01 1.011344494109e+00 1.247488607180e+00 1.449639341687e+00 1.607366824564e+00 1.714914146109e+00 1.769304242656e+00 1.769303935563e+00 1.714914356961e+00 1.607366691470e+00 1.449639575962e+00 1.247488346087e+00 1.011344275176e+00 7.266167548968e-01 4.600358656644e-01 2.344237505235e-01
 2.101587133716e-01 4.132054704380e-01 6.499317331892e-01 8.968546643218e-01 1.098580258439e+00 1.271290777954e+00 1.405851974800e+00 1.497429181713e+00 1.543672564727e+00 1.543672784859e+00 1.497429195268e+00 1.405851730968e+00 1.271290885441e+00 1.098579803004e+00 8.968545726759e-01 6.499316296014e-01 4.132053997037e-01 2.101586936039e-01
 1.788907553979e-01 3.519396410321e-01 5.506696363643e-01 7.522678366355e-01 9.139188661300e-01 1.052318495959e+00 1.159938182912e+00 1.232997963841e+00 1.269817113177e+00 1.269817403274e+00 1.232997941991e+00 1.159937998827e+00 1.052318494655e+00 9.139185082956e-01 7.522675609574e-01 5.506695915306e-01 3.519395914522e-01 1.788907368112e-01
 1.448660707638e-01 2.849281719920e-01 4.432268682694e-01 5.988312982592e-01 7.207222333050e-01 8.249588980991e-01 9.057405166435e-01 9.603673407886e-01 9.878135839940e-01 9.878133618167e-01 9.603674671586e-01 9.057404959362e-01 8.249587868355e-01 7.207222467360e-01 5.988310186786e-01 4.432267484180e-01 2.849281133207e-01 1.448660530847e-01
 1.117063450074e-01 2.195093131164e-01 3.393753766177e-01 4.531597964916e-01 5.397036929115e-01 6.134440075074e-01 6.702435712927e-01 7.084013413761e-01 7.274768733938e-01 7.274769426359e-01 7.084013558486e-01 6.702436296124e-01 6.134439650575e-01 5.397036699456e-01 4.531597705932e-01 3.393753322432e-01 2.195093126624e-01 1.117063387001e-01
 8.201176501819e-02 1.609110586085e-01 2.472191682251e-01 3.260786091777e-01 3.838437811316e-01 4.326650410231e-01 4.698547058431e-01 4.945501647525e-01 5.067864205508e-01 5.067866732108e-01 4.945501308915e-01 4.698547163358e-01 4.326652155528e-01 3.838437206500e-01 3.260786668268e-01 2.472191862757e-01 1.609111026493e-01 8.201177418484e-02
 5.725368953642e-02 1.120617482062e-01 1.710507883913e-01 2.227464698173e-01 2.587967040257e-01 2.887755528679e-01 3.111419271760e-01 3.256723233468e-01 3.327486533172e-01 3.327486515601e-01 3.256724869739e-01 3.111419001478e-01 2.887755684423e-01 2.587967521914e-01 2.227465867124e-01 1.710507928416e-01 1.120617840535e-01 5.725370176162e-02
 3.789693745632e-02 7.384485887031e-02 1.118681829313e-01 1.436382652557e-01 1.643229425867e-01 1.809770425791e-01 1.928834049399e-01 2.002540991021e-01 2.036994135111e-01 2.036991835028e-01 2.002540625721e-01 1.928835748975e-01 1.809771455981e-01 1.643229294939e-01 1.436381971912e-01 1.118681818784e-01 7.384488753130e-02 3.789693887767e-02
 2.366678956216e-02 4.562508216651e-02 6.824098299477e-02 8.589443241896e-02 9.610804452394e-02 1.037178973437e-01 1.085334401488e-01 1.110422553564e-01 1.120146303074e-01 1.120146109043e-01 1.110422714103e-01 1.085335154015e-01 1.037179954060e-01 9.610810548667e-02 8.589426425702e-02 6.824105252433e-02 4.562511214060e-02 2.366679670144e-02
 1.388627635675e-02 2.589907612283e-02 3.724744003450e-02 4.467388809312e-02 4.758649906254e-02 4.883734875603e-02 4.850982718385e-02 4.732273031061e-02 4.632541281300e-02 4.632557325470e-02 4.732279904488e-02 4.850977855466e-02 4.883720735423e-02 4.758654299573e-02 4.467378148673e-02 3.724759501538e-02 2.589910430566e-02 1.388627343102e-02
 7.854667078419e-03 1.327255495734e-02 1.768829792827e-02 2.010565774500e-02 2.034909201766e-02 1.928994006601e-02 1.708263808764e-02 1.431212899552e-02 1.219393427265e-02 1.219399204219e-02 1.431205818737e-02 1.708269294967e-02 1.928998365621e-02 2.034904298801e-02 2.010551578108e-02 1.768827108381e-02 1.327251253137e-02 7.854669842853e-03
 5.005889626252e-03 7.358268883370e-03 9.152081770560e-03 1.021840761130e-02 1.042023960129e-02 9.798590443664e-03 8.461134154421e-03 6.723573665259e-03 5.312465004664e-03 5.312465610709e-03 6.723541501941e-03 8.461179903335e-03 9.798583764425e-03 1.042026000771e-02 1.021837462569e-02 9.152002949664e-03 7.358241390472e-03 5.005893134714e-03
 4.196777290996e-03 5.305080118600e-03 6.131701092865e-03 6.705955815635e-03 6.875957217539e-03 6.594825477581e-03 5.926580007674e-03 5.079289843768e-03 4.441950252691e-03 4.441929771316e-03 5.079268704374e-03 5.926590196928e-03 6.594804461824e-03 6.875984329363e-03 6.705923543515e-03 6.131708724442e-03 5.305133111305e-03 4.196776792808e-03
 4.158205498124e-03 4.800096207854e-03 5.233104734936e-03 5.523731722974e-03 5.585296346103e-03 5.384732184362e-03 4.967675519427e-03 4.473086620369e-03 4.123997541540e-03 4.124016758417e-03 4.473082049279e-03 4.967603180349e-03 5.384764111182e-03 5.585306127996e-03 5.523724414757e-03 5.233146128265e-03 4.800115899869e-03 4.158238739877e-03
 4.238384875735e-03 4.669692283956e-03 4.919585905644e-03 5.053784497239e-03 5.028048887995e-03 4.830960044130e-03 4.503326398653e-03 4.146723914885e-03 3.907607453024e-03 3.907597325576e-03 4.146706137948e-03 4.503289567621e-03 4.830938430590e-03 5.028080965576e-03 5.053829684549e-03 4.919594032657e-03 4.669694863281e-03 4.238411723825e-03
 4.256811211501e-03 4.555380327128e-03 4.695178014140e-03 4.731776340518e-03 4.643305072907e-03 4.432030363369e-03 4.137090006657e-03 3.839557043268e-03 3.647969150795e-03 3.647938081818e-03 3.839524876628e-03 4.137088686137e-03 4.432008206589e-03 4.643304872022e-03 4.731793194090e-03 4.695184181785e-03 4.555391731060e-03 4.256800877532e-03
 4.178599383295e-03 4.376483773942e-03 4.437793502172e-03 4.405313200991e-03 4.269518210532e-03 4.040267785474e-03 3.755355080246e-03 3.483780935015e-03 3.314002345472e-03 3.314024810645e-03 3.483776058255e-03 3.755306511286e-03 4.040295914084e-03 4.269544152161e-03 4.405303882237e-03 4.437759431766e-03 4.376464039583e-03 4.178574120085e-03
 4.002903277628e-03 4.120065424568e-03 4.121867996236e-03 4.038026943396e-03 3.866046749830e-03 3.619561481288e-03 3.334791521577e-03 3.073470018236e-03 2.913073962942e-03 2.913072239846e-03 3.073508589550e-03 3.334775451829e-03 3.619556032803e-03 3.866076591619e-03 4.038017364583e-03 4.121858161306e-03 4.120013006428e-03 4.002867632076e-03
 3.737444234969e-03 3.790245927997e-03 3.747367523443e-03 3.626321042848e-03 3.428398215334e-03 3.168636946466e-03 2.881265117076e-03 2.622918652820e-03 2.465575427829e-03 2.465558365456e-03 2.622931872127e-03 2.881259157161e-03 3.168638947648e-03 3.428407583463e-03 3.626311143260e-03 3.747353944767e-03 3.790225595397e-03 3.737404980882e-03
 3.392802158417e-03 3.396616232500e-03 3.322486515470e-03 3.177457170420e-03 2.964602875585e-03 2.698590269804e-03 2.410821002237e-03 2.153618005713e-03 1.996402848303e-03 1.996430445342e-03 2.153593138741e-03 2.410813719654e-03 2.698588630741e-03 2.964584410490e-03 3.177483669145e-03 3.322448321676e-03 3.396586738173e-03 3.392802369411e-03
 2.980918246368e-03 2.950629470041e-03 2.858248730547e-03 2.702632854743e-03 2.487097297512e-03 2.224748847207e-03 1.942939417188e-03 1.689218199050e-03 1.531743411042e-03 1.531735962852e-03 1.689216582228e-03 1.942920406490e-03 2.224736596043e-03 2.487081569300e-03 2.702593930094e-03 2.858262902378e-03 2.950633000005e-03 2.980903338124e-03
 2.514173424739e-03 2.464346172389e-03 2.366316700694e-03 2.213515432893e-03 2.008794004034e-03 1.762575274478e-03 1.496974690040e-03 1.252972049124e-03 1.096976164918e-03 1.096978763840e-03 1.252996788694e-03 1.496956475192e-03 1.762540049981e-03 2.008791318451e-03 2.213503318954e-03 2.366306066416e-03 2.464320347599e-03 2.514159095109e-03
 2.005270652646e-03 1.949344845467e-03 1.857567095102e-03 1.720731557665e-03 1.540739884357e-03 1.324915266183e-03 1.089267737603e-03 8.657162687273e-04 7.154768848800e-04 7.154987322719e-04 8.657280796018e-04 1.089265432619e-03 1.324922429685e-03 1.540731849551e-03 1.720731336886e-03 1.857566206421e-03 1.949333600995e-03 2.005250645478e-03
 1.467690437213e-03 1.417330164204e-03 1.342174953149e-03 1.233054783731e-03 1.090987436581e-03 9.203175132870e-04 7.308129589937e-04 5.433906763355e-04 4.073108677949e-04 4.073089056242e-04 5.433955380693e-04 7.308405726389e-04 9.203239559901e-04 1.090975771968e-03 1.233071893009e-03 1.342203973578e-03 1.417328478841e-03 1.467663523234e-03
 9.198861425252e-04 8.838832454711e-04 8.331225391517e-04 7.605824034616e-04 6.666956957396e-04 5.536419784225e-04 4.260488354735e-04 2.941667190755e-04 1.876030166120e-04 1.875989176527e-04 2.941508801642e-04 4.260649616944e-04 5.536305022920e-04 6.667395601164e-04 7.606039846217e-04 8.331155290004e-04 8.839047208934e-04 9.198737563768e-04
 4.245129129864e-04 4.062049874313e-04 3.815031272676e-04 3.467866895253e-04 3.021282595536e-04 2.483364400331e-04 1.870933601556e-04 1.217151349408e-04 6.268099093412e-05 6.267330522431e-05 1.216999273685e-04 1.870756860894e-04 2.483582484585e-04 3.021222025172e-04 3.467948196532e-04 3.815259442864e-04 4.061866704177e-04 4.244920753794e-04
 4.432124876548e-04 4.250729455230e-04 3.995640254068e-04 3.631535887869e-04 3.158909184248e-04 2.584811479938e-04 1.923860032836e-04 1.199591796473e-04 4.665099974163e-05 4.666033380494e-05 1.199715900584e-04 1.923983835846e-04 2.584516656966e-04 3.158988105903e-04 3.631532016038e-04 3.995605788376e-04 4.250825322014e-04 4.431823364984e-04
 9.454305046580e-04 9.090430824076e-04 8.565480348127e-04 7.810259128303e-04 6.826258593801e-04 5.632043567266e-04 4.269473716215e-04 2.821187237284e-04 1.551383729453e-04 1.551393329916e-04 2.821141520533e-04 4.269203066718e-04 5.632216002089e-04 6.826077296533e-04 7.810169118407e-04 8.565973992228e-04 9.090519917830e-04 9.454266332229e-04
 1.493395680003e-03 1.441506365471e-03 1.363561581798e-03 1.249949126490e-03 1.101402029591e-03 9.218268696403e-04 7.200756078099e-04 5.152892045561e-04 3.584519581180e-04 3.584563478697e-04 5.152915011138e-04 7.200429707337e-04 9.218215608967e-04 1.101403928739e-03 1.249955965193e-03 1.363564734666e-03 1.441525245290e-03 1.493411066726e-03
 2.030215796101e-03 1.971185468307e-03 1.875113835075e-03 1.731891800574e-03 1.543065962922e-03 1.315339056908e-03 1.063765875745e-03 8.197785574299e-04 6.498100890355e-04 6.498118710792e-04 8.197833609388e-04 1.063763378771e-03 1.315324006003e-03 1.543055814416e-03 1.731907904895e-03 1.875101695400e-03 1.971198279131e-03 2.030234908139e-03
 2.538180615290e-03 2.483380026286e-03 2.379297598979e-03 2.217981094356e-03 2.001762528863e-03 1.740467946052e-03 1.455680633213e-03 1.189234357563e-03 1.014622787288e-03 1.014603284177e-03 1.189241082541e-03 1.455704983478e-03 1.740490402388e-03 2.001752477169e-03 2.217965258926e-03 2.379312027759e-03 2.483382085850e-03 2.538181901272e-03
 3.004102493651e-03 2.966935998122e-03 2.866616280992e-03 2.700130193589e-03 2.470379056932e-03 2.189922650755e-03 1.886027023986e-03 1.608328631671e-03 1.432919668450e-03 1.432913010210e-03 1.608351844597e-03 1.886066957542e-03 2.189929642702e-03 2.470399811140e-03 2.700144654101e-03 2.866601956507e-03 2.966925203188e-03 3.004108593735e-03
 3.415502766525e-03 3.410421106950e-03 3.326492073585e-03 3.168349988891e-03 2.938535405815e-03 2.651461179984e-03 2.338931047277e-03 2.056345485398e-03 1.881284481940e-03 1.881319130787e-03 2.056360017115e-03 2.338945955741e-03 2.651473931144e-03 2.938557575999e-03 3.168358978441e-03 3.326499437425e-03 3.410438348951e-03 3.415508171945e-03
 3.759895260744e-03 3.801929482126e-03 3.747389202357e-03 3.610915884261e-03 3.393442185044e-03 3.109833122845e-03 2.795152346516e-03 2.509862064466e-03 2.334273715452e-03 2.334276119730e-03 2.509883284893e-03 2.795155618211e-03 3.109816650277e-03 3.393453933478e-03 3.610937628540e-03 3.747389005150e-03 3.801916909199e-03 3.759925728053e-03
 4.025066370420e-03 4.129362127024e-03 4.117549624697e-03 4.016135762899e-03 3.822184055143e-03 3.549341542169e-03 3.235062141912e-03 2.945229811611e-03 2.765958968882e-03 2.765942509534e-03 2.945196794372e-03 3.235048676588e-03 3.549357828021e-03 3.822160944128e-03 4.016115427962e-03 4.117580255018e-03 4.129374801142e-03 4.025085229645e-03
 4.199647294437e-03 4.382012141126e-03 4.427346789244e-03 4.374993398630e-03 4.215315998293e-03 3.958175855736e-03 3.642516630031e-03 3.341596573881e-03 3.152514273880e-03 3.152497651546e-03 3.341561971484e-03 3.642503065344e-03 3.958177640503e-03 4.215309064642e-03 4.374996515378e-03 4.427338635300e-03 4.382030307313e-03 4.199665600895e-03
 4.275197312397e-03 4.553958728224e-03 4.674265417457e-03 4.688376271711e-03 4.575108374858e-03 4.336658898829e-03 4.012528164311e-03 3.687039119690e-03 3.476912441170e-03 3.476884054671e-03 3.687054381076e-03 4.012509092531e-03 4.336656710769e-03 4.575146921269e-03 4.688388681187e-03 4.674251133111e-03 4.553940014102e-03 4.275214243543e-03
 4.253484525440e-03 4.657533543697e-03 4.881703301065e-03 4.989944113654e-03 4.940771819070e-03 4.721807174834e-03 4.371966954848e-03 3.993526927177e-03 3.739182907213e-03 3.739189874906e-03 3.993523350276e-03 4.372007396816e-03 4.721865712747e-03 4.940771571610e-03 4.989946096579e-03 4.881723432821e-03 4.657525166236e-03 4.253468374019e-03
 4.177157981470e-03 4.781023718096e-03 5.177323556932e-03 5.435670082606e-03 5.479992256477e-03 5.271008027100e-03 4.845871273704e-03 4.340107144666e-03 3.980831490163e-03 3.980866693646e-03 4.340123164357e-03 4.845929725521e-03 5.271059244187e-03 5.480006348949e-03 5.435690433794e-03 5.177299704704e-03 4.780997567842e-03 4.177138804073e-03
 4.251343463227e-03 5.314084227014e-03 6.087715060050e-03 6.616325868126e-03 6.785701759171e-03 6.518923771542e-03 5.855656013148e-03 4.996597509453e-03 4.341181425570e-03 4.341153166880e-03 4.996656306155e-03 5.855697488470e-03 6.518961563471e-03 6.785739526143e-03 6.616306665610e-03 6.087703379356e-03 5.314047100263e-03 4.251344682836e-03
 5.154196085008e-03 7.469105185029e-03 9.195631490475e-03 1.018358106790e-02 1.043015785864e-02 9.853235692268e-03 8.504955617148e-03 6.692179841052e-03 5.179475821775e-03 5.179485058297e-03 6.692243322940e-03 8.504988742208e-03 9.853214822647e-03 1.043018685680e-02 1.018357414159e-02 9.195633426794e-03 7.469113676493e-03 5.154210557599e-03
 8.102985780048e-03 1.351371712619e-02 1.794415478621e-02 2.051106311407e-02 2.101579697054e-02 2.004726584414e-02 1.768362035317e-02 1.454939876121e-02 1.205584519441e-02 1.205587929509e-02 1.454945173548e-02 1.768354258340e-02 2.004723913693e-02 2.101581414433e-02 2.051103793850e-02 1.794421970314e-02 1.351369605076e-02 8.102996375000e-03
 1.416656387913e-02 2.617315275623e-02 3.790359112050e-02 4.634608900926e-02 5.022808677508e-02 5.189915518223e-02 5.147362852158e-02 4.989360452005e-02 4.855528440217e-02 4.855520604306e-02 4.989370049365e-02 5.147358142143e-02 5.189917259795e-02 5.022813940975e-02 4.634605942294e-02 3.790364954078e-02 2.617309385811e-02 1.416652071025e-02
 2.390193995382e-02 4.578813819090e-02 6.905686271489e-02 8.857566305920e-02 1.006844581495e-01 1.094682774156e-01 1.148187891918e-01 1.174451266186e-01 1.183842168215e-01 1.183841498087e-01 1.174451759837e-01 1.148187821235e-01 1.094682488958e-01 1.006845304668e-01 8.857565230535e-02 6.905670032933e-02 4.578805605967e-02 2.390190010038e-02
 3.801102702580e-02 7.378454319885e-02 1.126190780968e-01 1.469273485296e-01 1.703428086401e-01 1.889383450240e-01 2.020678944099e-01 2.100999660347e-01 2.138186498062e-01 2.138185129354e-01 2.100999691082e-01 2.020679749531e-01 1.889381894012e-01 1.703428751517e-01 1.469273425547e-01 1.126190274297e-01 7.378453812360e-02 3.801099275399e-02
 5.715916229277e-02 1.116430542757e-01 1.715530528735e-01 2.264326732496e-01 2.660584328201e-01 2.987856887185e-01 3.231134574660e-01 3.388881415397e-01 3.465633443117e-01 3.465632183158e-01 3.388882295424e-01 3.231134397810e-01 2.987856456474e-01 2.660583864973e-01 2.264325933226e-01 1.715531433631e-01 1.116430892295e-01 5.715914932132e-02
 8.161790180877e-02 1.599960792174e-01 2.473261851102e-01 3.300991928140e-01 3.924096990482e-01 4.449050046205e-01 4.848924980900e-01 5.114828479699e-01 5.246767559598e-01 5.246768415006e-01 5.114827762992e-01 4.848923674966e-01 4.449051543394e-01 3.924095686959e-01 3.300991542621e-01 2.473263139103e-01 1.599961146978e-01 8.161788729475e-02
 1.109313311403e-01 2.179779390760e-01 3.389971526640e-01 4.575944815020e-01 5.498604340092e-01 6.283694531935e-01 6.889297193961e-01 7.297132307106e-01 7.501439107652e-01 7.501439571727e-01 7.297132690790e-01 6.889298144816e-01 6.283693805072e-01 5.498603839110e-01 4.575944355820e-01 3.389971358714e-01 2.179779204701e-01 1.109313158817e-01
 1.436510811070e-01 2.827007463985e-01 4.423412241707e-01 6.038538214827e-01 7.328528439211e-01 8.431072472516e-01 9.287150730114e-01 9.867573973879e-01 1.015982594987e+00 1.015982527608e+00 9.867576493493e-01 9.287151945060e-01 8.431071968050e-01 7.328528981613e-01 6.038537046053e-01 4.423411683511e-01 2.827007458252e-01 1.436510510024e-01
 1.772150386171e-01 3.490008667293e-01 5.493211650829e-01 7.580542106282e-01 9.283037734992e-01 1.074025376708e+00 1.187553298933e+00 1.264814899562e+00 1.303828680153e+00 1.303828755233e+00 1.264814974997e+00 1.187553257349e+00 1.074025680887e+00 9.283037195248e-01 7.580541166824e-01 5.493212010148e-01 3.490008870642e-01 1.772150282469e-01
 2.080534501210e-01 4.096260207308e-01 6.482201436267e-01 9.034685562496e-01 1.115181625026e+00 1.296394450745e+00 1.437819582485e+00 1.534280654613e+00 1.583074431565e+00 1.583074667382e+00 1.534280709443e+00 1.437819573933e+00 1.296394728978e+00 1.115181407808e+00 9.034687141708e-01 6.482202780301e-01 4.096260286382e-01 2.080534394118e-01
 2.319803660141e-01 4.559849894560e-01 7.246783437024e-01 1.018639283514e+00 1.265781284947e+00 1.477266378635e+00 1.642513310193e+00 1.755400884485e+00 1.812576348179e+00 1.812576379175e+00 1.755400957301e+00 1.642513268107e+00 1.477266486021e+00 1.265781216987e+00 1.018639619340e+00 7.246784897615e-01 4.559849761457e-01 2.319803586365e-01
 2.448732592434e-01 4.794704440418e-01 7.637005713258e-01 1.080078018512e+00 1.349057723170e+00 1.579403842177e+00 1.759673728149e+00 1.883033185370e+00 1.945591069638e+00 1.945590752144e+00 1.883033130998e+00 1.759673728074e+00 1.579403843396e+00 1.349057872195e+00 1.080077885526e+00 7.637005573548e-01 4.794704403023e-01 2.448732515456e-01
 2.435667759232e-01 4.732136557931e-01 7.524466441423e-01 1.066327006177e+00 1.335903713012e+00 1.567643659474e+00 1.749610694075e+00 1.874469071372e+00 1.937898983351e+00 1.937898784709e+00 1.874469090102e+00 1.749610680954e+00 1.567643469646e+00 1.335903706407e+00 1.066326753928e+00 7.524466745220e-01 4.732136442395e-01 2.435667677593e-01
 2.268084686781e-01 4.339806968389e-01 6.833050116374e-01 9.627448992493e-01 1.205652783643e+00 1.416912309935e+00 1.584088080283e+00 1.699395740941e+00 1.758152739053e+00 1.758152975387e+00 1.699395906382e+00 1.584087901978e+00 1.416912250563e+00 1.205652516073e+00 9.627447683386e-01 6.833049709460e-01 4.339806355716e-01 2.268084650216e-01
 1.960709957420e-01 3.638444532169e-01 5.563888529722e-01 7.659050718554e-01 9.525533440684e-01 1.120471822994e+00 1.255843197503e+00 1.350221551010e+00 1.398588776871e+00 1.398588980378e+00 1.350221561271e+00 1.255843202987e+00 1.120472031977e+00 9.525528939913e-01 7.659049180709e-01 5.563887438681e-01 3.638444073510e-01 1.960709814211e-01
 1.560486112201e-01 2.714174608354e-01 3.800583767578e-01 4.864321111961e-01 5.908694410449e-01 6.968005623367e-01 7.865242717266e-01 8.505851342540e-01 8.837884777979e-01 8.837885569782e-01 8.505849738489e-01 7.865244276752e-01 6.968006609173e-01 5.908693302918e-01 4.864319940397e-01 3.800583630378e-01 2.714174268130e-01 1.560486133240e-01
 1.149107867255e-01 1.761376570630e-01 2.132517149262e-01 2.323539987369e-01 2.654837921886e-01 3.139413171475e-01 3.600491260500e-01 3.945591448810e-01 4.128062853470e-01 4.128064238065e-01 3.945590335866e-01 3.600491403541e-01 3.139412117887e-01 2.654840022039e-01 2.323539168295e-01 2.132516748473e-01 1.761376157812e-01 1.149107931260e-01
 8.174347709195e-02 1.114524337062e-01 1.211337905019e-01 1.162505692007e-01 1.265939683885e-01 1.473965017556e-01 1.697588036911e-01 1.873803613281e-01 1.969017357835e-01 1.969018005189e-01 1.873803223666e-01 1.697587976534e-01 1.473964382024e-01 1.265940221719e-01 1.162505545823e-01 1.211337495904e-01 1.114524023499e-01 8.174347618027e-02

