2.667660596320e-01 3.566277325583e-01 3.875693206724e-01 3.749587576441e-01 4.071343388001e-01 4.666483361543e-01 5.295304231422e-01 5.789412087137e-01 6.056464494797e-01 6.056464416679e-01 5.789412617807e-01 5.295304637364e-01 4.666483592046e-01 4.071343774351e-01 3.749587574046e-01 3.875692648623e-01 3.566276999197e-01 2.667660523156e-01
 3.636467398535e-01 5.414245186834e-01 6.463014180058e-01 7.097886726851e-01 8.171596801440e-01 9.622887278413e-01 1.096967130478e+00 1.196749893007e+00 1.249293792466e+00 1.249293787488e+00 1.196749924794e+00 1.096967244343e+00 9.622886550102e-01 8.171596758374e-01 7.097885826928e-01 6.463012560096e-01 5.414244904604e-01 3.636467268237e-01
 4.816623015500e-01 8.103487746824e-01 1.119885955742e+00 1.454065094181e+00 1.791626978819e+00 2.120723143790e+00 2.394547598791e+00 2.588380555811e+00 2.688457674974e+00 2.688457745235e+00 2.588380494891e+00 2.394547729709e+00 2.120723011510e+00 1.791626888505e+00 1.454064947522e+00 1.119885845681e+00 8.103487906979e-01 4.816622797176e-01
 5.955493151042e-01 1.066975700764e+00 1.628135890609e+00 2.288475696015e+00 2.892920754798e+00 3.424915301411e+00 3.849242514355e+00 4.143600888143e+00 4.294138335517e+00 4.294138421704e+00 4.143600765254e+00 3.849242508646e+00 3.424915001982e+00 2.892920788833e+00 2.288475643038e+00 1.628135918063e+00 1.066975724921e+00 5.955493080280e-01
 6.839623901068e-01 1.263268106533e+00 1.995658427752e+00 2.886743870322e+00 3.684212219127e+00 4.364891893182e+00 4.899233225200e+00 5.266634114745e+00 5.453663845090e+00 5.453664071303e+00 5.266633866836e+00 4.899233192219e+00 4.364891596952e+00 3.684212336711e+00 2.886743784552e+00 1.995658304844e+00 1.263268092148e+00 6.839623774400e-01
 7.345130542499e-01 1.377707923641e+00 2.204735268409e+00 3.220122635653e+00 4.120982561877e+00 4.881661655062e+00 5.474910085804e+00 5.881130162212e+00 6.087439653515e+00 6.087439929418e+00 5.881129825600e+00 5.474910144961e+00 4.881661553396e+00 4.120982398290e+00 3.220122751330e+00 2.204735239443e+00 1.377707920531e+00 7.345130507159e-01
 7.427824896347e-01 1.404337619880e+00 2.254681192742e+00 3.295027257508e+00 4.212869812744e+00 4.985280194370e+00 5.586158923145e+00 5.996834637033e+00 6.205165673553e+00 6.205165523461e+00 5.996834681678e+00 5.586158619333e+00 4.985280207256e+00 4.212869650055e+00 3.295027383293e+00 2.254681360262e+00 1.404337685367e+00 7.427825007043e-01
 7.112030431886e-01 1.349980986482e+00 2.163583285565e+00 3.147868090256e+00 4.011538815080e+00 4.738294524216e+00 5.303287162038e+00 5.689146442711e+00 5.884779712646e+00 5.884779077076e+00 5.689146764970e+00 5.303286718827e+00 4.738294642262e+00 4.011538691340e+00 3.147868195509e+00 2.163583489948e+00 1.349981079055e+00 7.112030686349e-01
 6.472841529447e-01 1.230737033704e+00 1.963312254194e+00 2.834794409170e+00 3.594607146353e+00 4.234970348471e+00 4.732929472002e+00 5.072938986633e+00 5.245280488732e+00 5.245280097199e+00 5.072939022584e+00 4.732929333177e+00 4.234970508636e+00 3.594607104385e+00 2.834794528260e+00 1.963312342956e+00 1.230737102102e+00 6.472841683652e-01
 5.614266195717e-01 1.067809435979e+00 1.692460195309e+00 2.419713370328e+00 3.048690000928e+00 3.580111555953e+00 3.993650784079e+00 4.276027808816e+00 4.419136124782e+00 4.419136213787e+00 4.276027620629e+00 3.993650782945e+00 3.580111629369e+00 3.048690198650e+00 2.419713537640e+00 1.692460076090e+00 1.067809414996e+00 5.614266088569e-01
 4.647564297829e-01 8.833973091439e-01 1.389497158730e+00 1.963520086030e+00 2.454830542168e+00 2.871217633507e+00 3.195541178632e+00 3.417020580259e+00 3.529251068689e+00 3.529251132227e+00 3.417020508975e+00 3.195541072484e+00 2.871217745551e+00 2.454830734026e+00 1.963520129289e+00 1.389497083523e+00 8.833972319456e-01 4.647564100132e-01
 3.673417374387e-01 6.973317379818e-01 1.087461120123e+00 1.516339020414e+00 1.878416460194e+00 2.186351497623e+00 2.426444540487e+00 2.590411674593e+00 2.673482107829e+00 2.673482106024e+00 2.590411562756e+00 2.426444606866e+00 2.186351429724e+00 1.878416601451e+00 1.516338995805e+00 1.087461114257e+00 6.973316889813e-01 3.673417101765e-01
 2.770122414947e-01 5.248773531773e-01 8.107812313611e-01 1.113435892772e+00 1.364234721572e+00 1.578366060129e+00 1.745496715133e+00 1.859627997658e+00 1.917430747410e+00 1.917430948262e+00 1.859627608944e+00 1.745496920948e+00 1.578365962775e+00 1.364234708668e+00 1.113435810203e+00 8.107813124999e-01 5.248773955939e-01 2.770122446492e-01
 1.988389244742e-01 3.757996246383e-01 5.742372964486e-01 7.745017865344e-01 9.360699716444e-01 1.074665927057e+00 1.182970676409e+00 1.256913818353e+00 1.294343338425e+00 1.294343386792e+00 1.256913750238e+00 1.182970650957e+00 1.074665961816e+00 9.360700163606e-01 7.745017377394e-01 5.742372702497e-01 3.757996340753e-01 1.988389207973e-01
 1.351943262336e-01 2.545304648828e-01 3.836201105505e-01 5.053839189433e-01 5.994551428974e-01 6.807352950612e-01 7.443701277893e-01 7.877959418922e-01 8.097575530297e-01 8.097572858890e-01 7.877961025561e-01 7.443700448298e-01 6.807354217309e-01 5.994552903621e-01 5.053839001082e-01 3.836201499365e-01 2.545304935680e-01 1.351943244993e-01
 8.623260985098e-02 1.611118974993e-01 2.374272565157e-01 3.010808700573e-01 3.459275307759e-01 3.853597205519e-01 4.163415211148e-01 4.374394309852e-01 4.480770541740e-01 4.480770269306e-01 4.374393733670e-01 4.163415325494e-01 3.853597151223e-01 3.459278061405e-01 3.010809650230e-01 2.374272516141e-01 1.611118605333e-01 8.623262085357e-02
 5.061851930503e-02 9.255439420814e-02 1.289838108482e-01 1.494880459938e-01 1.582060421105e-01 1.664204247180e-01 1.726143908395e-01 1.765283679659e-01 1.783734833080e-01 1.783735145381e-01 1.765283928868e-01 1.726145441924e-01 1.664204272572e-01 1.582059608696e-01 1.494881605978e-01 1.289838428458e-01 9.255438798545e-02 5.061853089483e-02
 2.645798219375e-02 4.438637465635e-02 5.668143438145e-02 5.985173722180e-02 5.634576252131e-02 5.144226226743e-02 4.570675444677e-02 4.024126777810e-02 3.673963388988e-02 3.673955513787e-02 4.024133258224e-02 4.570679943704e-02 5.144239798973e-02 5.634574285225e-02 5.985174593612e-02 5.668139717284e-02 4.438634721142e-02 2.645798878896e-02
 1.258434049727e-02 1.959425961834e-02 2.397946458999e-02 2.529637414885e-02 2.412605841978e-02 2.161162870853e-02 1.838430847436e-02 1.512468330595e-02 1.289882142623e-02 1.289878692676e-02 1.512465441940e-02 1.838435345902e-02 2.161168765951e-02 2.412607948135e-02 2.529637338251e-02 2.397943652194e-02 1.959422448836e-02 1.258434137782e-02
 6.287153088495e-03 8.891517499124e-03 1.075674615107e-02 1.189779260576e-02 1.222869110314e-02 1.203071682239e-02 1.156972759586e-02 1.107857502517e-02 1.076538444605e-02 1.076536566948e-02 1.107855043595e-02 1.156974609335e-02 1.203074295717e-02 1.222870260524e-02 1.189776701834e-02 1.075671868205e-02 8.891507939252e-03 6.287137560845e-03
 4.816118274330e-03 5.840161084746e-03 6.767108689740e-03 7.665535980126e-03 8.397021503128e-03 8.937908485586e-03 9.308307624335e-03 9.534934659137e-03 9.641243373649e-03 9.641231008358e-03 9.534915467462e-03 9.308309147689e-03 8.937910177469e-03 8.397033586425e-03 7.665522886066e-03 6.767100617435e-03 5.840154943799e-03 4.816111007438e-03
 4.817645886660e-03 5.469968247153e-03 6.046970750213e-03 6.657821007083e-03 7.229583350857e-03 7.710074033500e-03 8.074248047055e-03 8.315066088864e-03 8.433983448911e-03 8.433998908704e-03 8.315050112978e-03 8.074272575608e-03 7.710093062626e-03 7.229610729794e-03 6.657820249984e-03 6.046985943848e-03 5.469964684468e-03 4.817664109517e-03
 4.742001765293e-03 5.244379269638e-03 5.643676264444e-03 6.042565273441e-03 6.407359408911e-03 6.710243378446e-03 6.936749267698e-03 7.084158050556e-03 7.155985085036e-03 7.156008330594e-03 7.084176978053e-03 6.936783461611e-03 6.710298834221e-03 6.407374982246e-03 6.042610110584e-03 5.643697033294e-03 5.244384876476e-03 4.742012694097e-03
 4.457774400248e-03 4.822092317151e-03 5.087480949101e-03 5.333420101399e-03 5.543609764460e-03 5.707015073166e-03 5.820897645436e-03 5.889905092851e-03 5.921648626945e-03 5.921656336344e-03 5.889931019689e-03 5.820953360371e-03 5.707052109198e-03 5.543681912678e-03 5.333434280513e-03 5.087488024110e-03 4.822116836605e-03 4.457778083111e-03
 4.068373055772e-03 4.300822118225e-03 4.455313673111e-03 4.585224482017e-03 4.683486331265e-03 4.747968874277e-03 4.782977071264e-03 4.797467181008e-03 4.801480038402e-03 4.801466381479e-03 4.797508172744e-03 4.783013122708e-03 4.748032845287e-03 4.683489338909e-03 4.585276563777e-03 4.455292731105e-03 4.300805741842e-03 4.068374327460e-03
 3.661535146363e-03 3.778449552733e-03 3.842060772881e-03 3.881786787597e-03 3.896191145066e-03 3.888485075908e-03 3.866836441899e-03 3.842563076338e-03 3.826957556936e-03 3.826941067949e-03 3.842598916698e-03 3.866841349246e-03 3.888519038294e-03 3.896187008870e-03 3.881773273896e-03 3.842057642393e-03 3.778432476422e-03 3.661529959609e-03
 3.289663747770e-03 3.312275606392e-03 3.303385230256e-03 3.272176849021e-03 3.221243962077e-03 3.157376971182e-03 3.091295238218e-03 3.036368456215e-03 3.005057402740e-03 3.005069067222e-03 3.036360066168e-03 3.091318744402e-03 3.157349618764e-03 3.221256539226e-03 3.272142197544e-03 3.303336259283e-03 3.312255966678e-03 3.289673319634e-03
 2.978716820346e-03 2.928669022386e-03 2.863439302804e-03 2.776315757380e-03 2.672456372646e-03 2.561239026901e-03 2.455960143391e-03 2.372673347019e-03 2.326293622171e-03 2.326329619042e-03 2.372629893358e-03 2.455997293630e-03 2.561205855096e-03 2.672448736432e-03 2.776267224936e-03 2.863418200748e-03 2.928668248676e-03 2.978729662419e-03
 2.736435656827e-03 2.633305178866e-03 2.525591413914e-03 2.394312665808e-03 2.245983627634e-03 2.091623417517e-03 1.947344321028e-03 1.833037100377e-03 1.769216965189e-03 1.769151553871e-03 1.833067012907e-03 1.947305197690e-03 2.091680508925e-03 2.245963176333e-03 2.394285149923e-03 2.525555067037e-03 2.633309537010e-03 2.736470639311e-03
 2.559051216647e-03 2.419030115497e-03 2.280158874880e-03 2.114312701579e-03 1.927928058861e-03 1.732341651882e-03 1.545477647504e-03 1.392909145073e-03 1.305122007451e-03 1.305077158060e-03 1.392942907686e-03 1.545476122236e-03 1.732370202655e-03 1.927934506205e-03 2.114306195371e-03 2.280156171086e-03 2.419027170422e-03 2.559066287787e-03
 2.437179805671e-03 2.272831621638e-03 2.112123766923e-03 1.920162992154e-03 1.702067990951e-03 1.467560683593e-03 1.233816510624e-03 1.030887182534e-03 9.057776271326e-04 9.058336502079e-04 1.030865859946e-03 1.233836996678e-03 1.467547632313e-03 1.702101832236e-03 1.920187467521e-03 2.112111621528e-03 2.272807092893e-03 2.437190733688e-03
 2.360890628712e-03 2.181945258369e-03 2.007499122939e-03 1.798021235037e-03 1.556675634316e-03 1.290080058022e-03 1.010749835040e-03 7.446762825108e-04 5.556069164920e-04 5.555893073658e-04 7.446616500796e-04 1.010739221142e-03 1.290099050574e-03 1.556686764884e-03 1.798020081764e-03 2.007512916235e-03 2.181962468511e-03 2.360874075129e-03
 2.322888977570e-03 2.137668878547e-03 1.957169344002e-03 1.739739190302e-03 1.487308458257e-03 1.204014183728e-03 8.969349981564e-04 5.796713384350e-04 2.991770683194e-04 2.991815946657e-04 5.796601818018e-04 8.969153761087e-04 1.204001802879e-03 1.487318061671e-03 1.739766393704e-03 1.957194536517e-03 2.137654641317e-03 2.322864322257e-03
 2.319905690583e-03 2.136204282748e-03 1.957591316096e-03 1.742894313871e-03 1.494389925869e-03 1.216832891660e-03 9.188484840207e-04 6.182836273960e-04 3.731602681994e-04 3.731390568483e-04 6.182846349455e-04 9.188386368040e-04 1.216824449235e-03 1.494390453218e-03 1.742910861723e-03 1.957615932464e-03 2.136211130724e-03 2.319893333596e-03
 2.352860867826e-03 2.178663296760e-03 2.009898314959e-03 1.808568224312e-03 1.578634656506e-03 1.327932650814e-03 1.070959175940e-03 8.364064479751e-04 6.813006987789e-04 6.813489836016e-04 8.363918922772e-04 1.070982131181e-03 1.327886675321e-03 1.578636155636e-03 1.808587378679e-03 2.009925990484e-03 2.178673240889e-03 2.352852275793e-03
 2.426447513851e-03 2.270362172115e-03 2.119270219987e-03 1.940620112277e-03 1.740160993046e-03 1.528322626205e-03 1.322535052752e-03 1.149981857687e-03 1.047875629586e-03 1.047827638472e-03 1.150041430927e-03 1.322498510391e-03 1.528350911315e-03 1.740107723488e-03 1.940600690340e-03 2.119292980958e-03 2.270376801352e-03 2.426441971993e-03
 2.548418472112e-03 2.420343814493e-03 2.294651033627e-03 2.146237852333e-03 1.981752875008e-03 1.812148685789e-03 1.653649349037e-03 1.527486261788e-03 1.456461178352e-03 1.456440011249e-03 1.527489735967e-03 1.653636611973e-03 1.812131185063e-03 1.981726578136e-03 2.146212026585e-03 2.294626083525e-03 2.420349152372e-03 2.548432677557e-03
 2.728010980700e-03 2.639905787244e-03 2.547857038605e-03 2.436430414744e-03 2.311740679735e-03 2.183680222756e-03 2.065624477467e-03 1.973714072675e-03 1.922880434400e-03 1.922930969618e-03 1.973634165718e-03 2.065682397075e-03 2.183616835841e-03 2.311739382192e-03 2.436400278665e-03 2.547861117304e-03 2.639902310143e-03 2.728007684879e-03
 2.972786593451e-03 2.939333054749e-03 2.890667820872e-03 2.823641571139e-03 2.742677762999e-03 2.655619915167e-03 2.573443355372e-03 2.508584712278e-03 2.472688340486e-03 2.472670835281e-03 2.508605333951e-03 2.573404973231e-03 2.655672357173e-03 2.742679624815e-03 2.823634035444e-03 2.890678410509e-03 2.939328678070e-03 2.972792087789e-03
 3.284238089211e-03 3.322951560536e-03 3.329501809796e-03 3.316519059215e-03 3.285797523619e-03 3.242583248194e-03 3.195624776023e-03 3.155642234623e-03 3.132631447979e-03 3.132609964333e-03 3.155679759264e-03 3.195651505496e-03 3.242611679552e-03 3.285821995914e-03 3.316557140499e-03 3.329518133222e-03 3.322953237580e-03 3.284247177247e-03
 3.652418107450e-03 3.782595756110e-03 3.858803300547e-03 3.913145741918e-03 3.943680139755e-03 3.952450450296e-03 3.945890057983e-03 3.933382388625e-03 3.924185510643e-03 3.924227878081e-03 3.933373455501e-03 3.945922124398e-03 3.952493359603e-03 3.943722718440e-03 3.913164873813e-03 3.858798933040e-03 3.782633439349e-03 3.652422365279e-03
 4.049460663422e-03 4.289956172535e-03 4.452469467822e-03 4.592342189063e-03 4.702077891029e-03 4.778794311823e-03 4.825321250674e-03 4.848955732716e-03 4.857975579861e-03 4.858000073750e-03 4.848936885828e-03 4.825357520809e-03 4.778821430764e-03 4.702108573604e-03 4.592354238173e-03 4.452468460906e-03 4.289958440397e-03 4.049476179252e-03
 4.420475741292e-03 4.784802061535e-03 5.052131008940e-03 5.302552956119e-03 5.519848554854e-03 5.692156270838e-03 5.815354161895e-03 5.892130558294e-03 5.928331152225e-03 5.928283786812e-03 5.892140707678e-03 5.815360352024e-03 5.692189450786e-03 5.519852051742e-03 5.302566470155e-03 5.052125783783e-03 4.784791418273e-03 4.420495939910e-03
 4.672464455797e-03 5.162024786343e-03 5.555020083814e-03 5.952775838222e-03 6.322010512688e-03 6.633603929527e-03 6.870634983723e-03 7.027371494389e-03 7.104697321366e-03 7.104710115804e-03 7.027358979050e-03 6.870628603362e-03 6.633632284167e-03 6.322029246909e-03 5.952766117689e-03 5.555018614193e-03 5.162031385376e-03 4.672474044014e-03
 4.688092815302e-03 5.304151889129e-03 5.862671822441e-03 6.468429094395e-03 7.048214625259e-03 7.545557705825e-03 7.929880773179e-03 8.188352893033e-03 8.317582931043e-03 8.317573035121e-03 8.188348921995e-03 7.929898383504e-03 7.545549202396e-03 7.048227357933e-03 6.468448007560e-03 5.862654650507e-03 5.304160356940e-03 4.688096876614e-03
 4.569615270519e-03 5.518825136569e-03 6.412151978876e-03 7.306559496138e-03 8.061442028043e-03 8.643362690250e-03 9.060521398484e-03 9.327367258098e-03 9.456891499607e-03 9.456872320867e-03 9.327375341726e-03 9.060510546082e-03 8.643374229322e-03 8.061426161930e-03 7.306546886432e-03 6.412155034871e-03 5.518800383742e-03 4.569608564011e-03
 5.912240535658e-03 8.434580811381e-03 1.024854788312e-02 1.136470174970e-02 1.171920363329e-02 1.158499215787e-02 1.120961056876e-02 1.080103480813e-02 1.053941975236e-02 1.053943442916e-02 1.080101977524e-02 1.120958635690e-02 1.158497900392e-02 1.171916341668e-02 1.136469548937e-02 1.024853617617e-02 8.434533982840e-03 5.912215850754e-03
 1.218283324840e-02 1.909950416313e-02 2.339388854049e-02 2.462712625650e-02 2.348004045640e-02 2.106745192515e-02 1.798955438889e-02 1.489566964538e-02 1.279587215262e-02 1.279588904164e-02 1.489563165291e-02 1.798952661922e-02 2.106741686491e-02 2.348003163178e-02 2.462712737265e-02 2.339387977923e-02 1.909951619632e-02 1.218281725095e-02
 2.600073038408e-02 4.380454886532e-02 5.595538800588e-02 5.908393251986e-02 5.582461031936e-02 5.136304545130e-02 4.616326225657e-02 4.123241231719e-02 3.809849566244e-02 3.809856775980e-02 4.123232131713e-02 4.616321185913e-02 5.136299020954e-02 5.582463112590e-02 5.908402383867e-02 5.595543474303e-02 4.380454135256e-02 2.600073799730e-02
 5.000721026232e-02 9.180000342779e-02 1.283195314486e-01 1.496191881488e-01 1.597884415217e-01 1.695011125307e-01 1.769768643937e-01 1.818166091532e-01 1.841465981791e-01 1.841464812272e-01 1.818166901845e-01 1.769768107926e-01 1.695011372636e-01 1.597883768788e-01 1.496193844367e-01 1.283196313146e-01 9.180001309675e-02 5.000722128998e-02
 8.530838479905e-02 1.597488796844e-01 2.365813426991e-01 3.027785486023e-01 3.509741120297e-01 3.933104368191e-01 4.265791548018e-01 4.492515105821e-01 4.606914509798e-01 4.606913083147e-01 4.492517084858e-01 4.265790535140e-01 3.933106588914e-01 3.509740577373e-01 3.027786805704e-01 2.365814410015e-01 1.597488978157e-01 8.530839994082e-02
 1.338338539999e-01 2.523899922416e-01 3.824834283770e-01 5.087312568206e-01 6.082291460338e-01 6.939831093916e-01 7.610616553455e-01 8.068327694981e-01 8.299828751259e-01 8.299830361175e-01 8.068326557713e-01 7.610617464845e-01 6.939834372723e-01 6.082292018424e-01 5.087311544709e-01 3.824834994104e-01 2.523900150723e-01 1.338338759430e-01
 1.969329753283e-01 3.727391581248e-01 5.727805110004e-01 7.797700897074e-01 9.491362813214e-01 1.094009333723e+00 1.207094032444e+00 1.284274506183e+00 1.323341206876e+00 1.323341450390e+00 1.284274381724e+00 1.207094154982e+00 1.094009366742e+00 9.491363324991e-01 7.797701082018e-01 5.727807064006e-01 3.727391869241e-01 1.969330042349e-01
 2.744673477963e-01 5.207771728728e-01 8.090171133473e-01 1.120954982654e+00 1.382211522572e+00 1.604644032413e+00 1.778058012594e+00 1.896431714988e+00 1.956377354987e+00 1.956377161724e+00 1.896431754920e+00 1.778057958381e+00 1.604644047492e+00 1.382211550386e+00 1.120954906367e+00 8.090171514966e-01 5.207771541752e-01 2.744673580362e-01
 3.640952425891e-01 6.921215466594e-01 1.085436879140e+00 1.526386059356e+00 1.901764524979e+00 2.220163627434e+00 2.468148915834e+00 2.637436190356e+00 2.723191565818e+00 2.723191024675e+00 2.637436525909e+00 2.468148578150e+00 2.220163930760e+00 1.901764485295e+00 1.526386030354e+00 1.085436816852e+00 6.921215047417e-01 3.640952358261e-01
 4.607967544325e-01 8.770906654933e-01 1.387291896058e+00 1.976209719393e+00 2.483644466874e+00 2.912642707570e+00 3.246459156470e+00 3.474333030542e+00 3.589789343848e+00 3.589789042698e+00 3.474333397196e+00 3.246458807487e+00 2.912643182257e+00 2.483644199640e+00 1.976209938960e+00 1.387291870830e+00 8.770906426782e-01 4.607967351365e-01
 5.568118308398e-01 1.060533307906e+00 1.690175712963e+00 2.434891210431e+00 3.082506506473e+00 3.628454832971e+00 4.052919641624e+00 4.342655658032e+00 4.489475857906e+00 4.489476087866e+00 4.342655559466e+00 4.052919795614e+00 3.628454971888e+00 3.082506411848e+00 2.434891466206e+00 1.690175602011e+00 1.060533232525e+00 5.568118136118e-01
 6.421535572455e-01 1.222747702226e+00 1.961055164966e+00 2.851953130382e+00 3.632271790433e+00 4.288593609115e+00 4.798556287577e+00 5.146654232462e+00 5.323075755384e+00 5.323076161559e+00 5.146653942705e+00 4.798556623318e+00 4.288593495711e+00 3.632272033068e+00 2.851953088996e+00 1.961054875820e+00 1.222747612429e+00 6.421535580541e-01
 7.057763349168e-01 1.341658787463e+00 2.161441178388e+00 3.166113571879e+00 4.051176734171e+00 4.794588866801e+00 5.372123364276e+00 5.766439646119e+00 5.966340292205e+00 5.966340252915e+00 5.766439832912e+00 5.372123267770e+00 4.794588924255e+00 4.051176582437e+00 3.166113559729e+00 2.161441078061e+00 1.341658780342e+00 7.057763544884e-01
 7.373430533978e-01 1.396154597177e+00 2.252696881949e+00 3.313113952014e+00 4.251991563791e+00 5.040826788157e+00 5.654095650345e+00 6.073133777986e+00 6.285686934628e+00 6.285686659732e+00 6.073134210143e+00 5.654095383390e+00 5.040826989555e+00 4.251991338057e+00 3.313113914392e+00 2.252697021887e+00 1.396154670783e+00 7.373430904231e-01
 7.293742877786e-01 1.370166836520e+00 2.202881303925e+00 3.236566720013e+00 4.156738527878e+00 4.932587846907e+00 5.537308042092e+00 5.951278619464e+00 6.161502945918e+00 6.161503136615e+00 5.951278637858e+00 5.537308196132e+00 4.932587848879e+00 4.156738673461e+00 3.236566665569e+00 2.202881486083e+00 1.370166939876e+00 7.293743163184e-01
 6.794188399987e-01 1.256817046917e+00 1.993809624010e+00 2.900002514900e+00 3.713777234669e+00 4.407399512352e+00 4.951555729149e+00 5.325591228054e+00 5.515971481807e+00 5.515971896187e+00 5.325591091232e+00 4.951555936697e+00 4.407399538220e+00 3.713777126616e+00 2.900002593389e+00 1.993809778179e+00 1.256817131815e+00 6.794188748458e-01
 5.918178566740e-01 1.061909230344e+00 1.626013325005e+00 2.297158038265e+00 2.913969799824e+00 3.455935691220e+00 3.887831458995e+00 4.187296628510e+00 4.340409337523e+00 4.340409234947e+00 4.187296822593e+00 3.887831275765e+00 3.455935888912e+00 2.913969528227e+00 2.297158098925e+00 1.626013429111e+00 1.061909292497e+00 5.918178931883e-01
 4.788230054780e-01 8.067225057970e-01 1.116815812761e+00 1.457066726288e+00 1.802885798181e+00 2.138664764732e+00 2.417501046376e+00 2.614677916118e+00 2.716429522363e+00 2.716429443746e+00 2.614678092145e+00 2.417500731441e+00 2.138664890970e+00 1.802885626516e+00 1.457066727182e+00 1.116815822412e+00 8.067225164389e-01 4.788230448057e-01
 3.616093689036e-01 5.388566545500e-01 6.433829834766e-01 7.088353321641e-01 8.204213473897e-01 9.692150448772e-01 1.106576880910e+00 1.208097135433e+00 1.261494457139e+00 1.261494638755e+00 1.208097055422e+00 1.106576825490e+00 9.692150778838e-01 8.204211984124e-01 7.088352850546e-01 6.433829664780e-01 5.388566463194e-01 3.616093879794e-01
 2.653793106855e-01 3.550632600075e-01 3.860340079940e-01 3.737802813907e-01 4.076055668538e-01 4.688427039201e-01 5.330301534952e-01 5.832794444685e-01 6.103920891477e-01 6.103921699789e-01 5.832793786326e-01 5.330301965912e-01 4.688426887552e-01 4.076055495353e-01 3.737802551781e-01 3.860339884400e-01 3.550632660339e-01 2.653793062250e-01

