7.949911204154e-01 1.038032725291e+00 1.119461639388e+00 1.080253042857e+00 1.141546115367e+00 1.268000083911e+00 1.407150197615e+00 1.518818646812e+00 1.579792496615e+00 1.579792519840e+00 1.518818609225e+00 1.407150172298e+00 1.268000086552e+00 1.141546103920e+00 1.080253037444e+00 1.119461596674e+00 1.038032705551e+00 7.949911036939e-01
 1.064105034626e+00 1.535695744186e+00 1.803963050496e+00 1.947090299961e+00 2.178690495875e+00 2.505892588278e+00 2.815100991917e+00 3.046251491247e+00 3.168485518653e+00 3.168485576260e+00 3.046251462549e+00 2.815100835898e+00 2.505892575363e+00 2.178690596170e+00 1.947090136742e+00 1.803962881317e+00 1.535695661209e+00 1.064105006890e+00
 1.389084527427e+00 2.249783802105e+00 3.030069486738e+00 3.835257599197e+00 4.632202424617e+00 5.412693123379e+00 6.063970457587e+00 6.525744018387e+00 6.764365872603e+00 6.764365785692e+00 6.525744226180e+00 6.063970326739e+00 5.412692922354e+00 4.632202738800e+00 3.835257350893e+00 3.030069321757e+00 2.249783739943e+00 1.389084507699e+00
 1.704133040712e+00 2.933463629026e+00 4.346410221990e+00 5.966343074885e+00 7.437110425434e+00 8.730144362708e+00 9.761294957907e+00 1.047671496923e+01 1.084266154400e+01 1.084266141923e+01 1.047671513270e+01 9.761295103110e+00 8.730144191415e+00 7.437110663965e+00 5.966342944235e+00 4.346410122313e+00 2.933463596596e+00 1.704133029878e+00
 1.953992068313e+00 3.467447016188e+00 5.321424908879e+00 7.538170863130e+00 9.515242950230e+00 1.119935497645e+01 1.252058979353e+01 1.342906031883e+01 1.389161896961e+01 1.389161895394e+01 1.342906007087e+01 1.252059020102e+01 1.119935514630e+01 9.515242850377e+00 7.538170888291e+00 5.321424931698e+00 3.467447024894e+00 1.953992068490e+00
 2.105617661272e+00 3.796810576982e+00 5.910406676773e+00 8.473726133586e+00 1.074632432939e+01 1.266148978529e+01 1.415450074525e+01 1.517708484694e+01 1.569662556491e+01 1.569662551108e+01 1.517708478297e+01 1.415450069128e+01 1.266148999276e+01 1.074632438738e+01 8.473726130859e+00 5.910406708966e+00 3.796810596431e+00 2.105617667751e+00
 2.145489998032e+00 3.902806209213e+00 6.103860839381e+00 8.773412179593e+00 1.113173595322e+01 1.311319079430e+01 1.465467704588e+01 1.570890729640e+01 1.624404726926e+01 1.624404711657e+01 1.570890738129e+01 1.465467701096e+01 1.311319075421e+01 1.113173597924e+01 8.773412340186e+00 6.103860948480e+00 3.902806245261e+00 2.145490021976e+00
 2.077135956452e+00 3.796984558375e+00 5.935742337984e+00 8.507916994187e+00 1.077201997765e+01 1.267522548140e+01 1.415576780657e+01 1.516807757921e+01 1.568182545424e+01 1.568182565855e+01 1.516807748898e+01 1.415576788748e+01 1.267522543265e+01 1.077202012636e+01 8.507916956253e+00 5.935742368121e+00 3.796984595594e+00 2.077135976246e+00
 1.917349398495e+00 3.514246639729e+00 5.474789656341e+00 7.798752590366e+00 9.835157986889e+00 1.155096805329e+01 1.288710828344e+01 1.380107864450e+01 1.426499224681e+01 1.426499234896e+01 1.380107869145e+01 1.288710831018e+01 1.155096803078e+01 9.835158291730e+00 7.798752440940e+00 5.474789550182e+00 3.514246606346e+00 1.917349419644e+00
 1.691334114471e+00 3.104057862199e+00 4.809891420027e+00 6.793019499148e+00 8.520494212276e+00 9.981140364906e+00 1.112050160795e+01 1.190051457201e+01 1.229658400630e+01 1.229658373348e+01 1.190051477751e+01 1.112050165336e+01 9.981140428403e+00 8.520494041886e+00 6.793019612751e+00 4.809891511080e+00 3.104057886249e+00 1.691334146768e+00
 1.427596943011e+00 2.621156441626e+00 4.034629773950e+00 5.638742258404e+00 7.025135705307e+00 8.202583951119e+00 9.123036818159e+00 9.753880351866e+00 1.007437336903e+01 1.007437331899e+01 9.753880347924e+00 9.123036687051e+00 8.202584043572e+00 7.025135452137e+00 5.638742284739e+00 4.034629873437e+00 2.621156492120e+00 1.427596988287e+00
 1.153408904068e+00 2.117279148736e+00 3.234111616114e+00 4.465165827154e+00 5.518032957411e+00 6.416960909627e+00 7.121529191827e+00 7.605063573702e+00 7.850875996333e+00 7.850876093473e+00 7.605063430442e+00 7.121529003615e+00 6.416960867346e+00 5.518033142620e+00 4.465165576019e+00 3.234111680098e+00 2.117279210187e+00 1.153408955033e+00
 8.914311068079e-01 1.635037248162e+00 2.475847200843e+00 3.370262140104e+00 4.124298276618e+00 4.772198703871e+00 5.281638216715e+00 5.631831972526e+00 5.809997676512e+00 5.809997545178e+00 5.631831924161e+00 5.281638265030e+00 4.772198456964e+00 4.124298382181e+00 3.370262193319e+00 2.475847223511e+00 1.635037242191e+00 8.914311281537e-01
 6.577966529120e-01 1.204477417182e+00 1.805220250671e+00 2.415695244333e+00 2.919698433800e+00 3.356378833917e+00 3.701191586195e+00 3.938728311102e+00 4.059699327816e+00 4.059699262618e+00 3.938728164099e+00 3.701191624567e+00 3.356378887766e+00 2.919698249657e+00 2.415695190679e+00 1.805220317298e+00 1.204477461067e+00 6.577966534539e-01
 4.616360321473e-01 8.422810221106e-01 1.245075116498e+00 1.627910945743e+00 1.933215317147e+00 2.201336352462e+00 2.414489262930e+00 2.561810526185e+00 2.636946191203e+00 2.636946291122e+00 2.561810415348e+00 2.414489126231e+00 2.201336285116e+00 1.933215520699e+00 1.627910800609e+00 1.245075011690e+00 8.422809627722e-01 4.616360235708e-01
 3.058027445914e-01 5.531332635443e-01 7.982360057437e-01 1.003113369546e+00 1.154494234510e+00 1.291892585057e+00 1.402742460833e+00 1.479836334856e+00 1.519248352126e+00 1.519248266720e+00 1.479836247754e+00 1.402742559099e+00 1.291892384104e+00 1.154494262259e+00 1.003113267884e+00 7.982359746634e-01 5.531332566967e-01 3.058027367734e-01
 1.884532736852e-01 3.324862607107e-01 4.516397428154e-01 5.155730922157e-01 5.456062313102e-01 5.784777000364e-01 6.063929613252e-01 6.260076052315e-01 6.360166294751e-01 6.360166526645e-01 6.260076446884e-01 6.063929431942e-01 5.784774985280e-01 5.456061573776e-01 5.155730910640e-01 4.516396538134e-01 3.324862795321e-01 1.884532802523e-01
 1.053964373005e-01 1.693522581152e-01 2.096496546008e-01 2.159237068405e-01 2.007964357162e-01 1.838604858589e-01 1.665667279259e-01 1.515692413619e-01 1.425722428227e-01 1.425722823863e-01 1.515692652677e-01 1.665667763146e-01 1.838604386542e-01 2.007963587899e-01 2.159236872482e-01 2.096496194610e-01 1.693522480366e-01 1.053964446341e-01
 5.466107304540e-02 8.099594736970e-02 9.522204039341e-02 9.611391580594e-02 8.778205583759e-02 7.471098151853e-02 5.899095969690e-02 4.263380104231e-02 3.002216917564e-02 3.002214054290e-02 4.263382659126e-02 5.899096206028e-02 7.471100063778e-02 8.778205803849e-02 9.611390832397e-02 9.522199637368e-02 8.099594075015e-02 5.466107866901e-02
 2.685714148712e-02 3.756053169954e-02 4.318609573567e-02 4.410901852589e-02 4.079588208196e-02 3.463865398000e-02 2.666513907537e-02 1.776894482163e-02 9.808985471781e-03 9.808989013480e-03 1.776895754123e-02 2.666515035554e-02 3.463865850771e-02 4.079586959420e-02 4.410902531118e-02 4.318607049408e-02 3.756051492127e-02 2.685714198377e-02
 1.288028126173e-02 1.709340108585e-02 1.929642739032e-02 1.979110821564e-02 1.849951922701e-02 1.581494895257e-02 1.216750454624e-02 7.974260753206e-03 4.030916335890e-03 4.030978824368e-03 7.974254762710e-03 1.216751215752e-02 1.581490891992e-02 1.849950969063e-02 1.979109740684e-02 1.929641647597e-02 1.709342995736e-02 1.288026639399e-02
 6.629578709147e-03 8.235360753189e-03 9.131202487202e-03 9.467164491184e-03 9.169485622659e-03 8.368833507604e-03 7.289277449560e-03 6.216684975269e-03 5.514501981833e-03 5.514513992813e-03 6.216682920878e-03 7.289229041120e-03 8.368824886808e-03 9.169472688263e-03 9.467149933774e-03 9.131198053120e-03 8.235370318001e-03 6.629580778187e-03
 4.509036167973e-03 5.232004611804e-03 5.738512932378e-03 6.131223697705e-03 6.374312360983e-03 6.490488675119e-03 6.527346531429e-03 6.528588618278e-03 6.522558777560e-03 6.522563445198e-03 6.528558512603e-03 6.527330299876e-03 6.490435415743e-03 6.374294752877e-03 6.131244520175e-03 5.738522003369e-03 5.232027293652e-03 4.509017324884e-03
 4.267368006911e-03 4.814627703239e-03 5.258290593971e-03 5.701422495101e-03 6.113447858118e-03 6.472410342563e-03 6.761535220368e-03 6.965578003470e-03 7.071484970296e-03 7.071484480245e-03 6.965565404868e-03 6.761518475577e-03 6.472395577092e-03 6.113460705717e-03 5.701426534422e-03 5.258329998687e-03 4.814601252168e-03 4.267356964771e-03
 4.676915328358e-03 5.235825371669e-03 5.684576758061e-03 6.140742652947e-03 6.577882402230e-03 6.969306059550e-03 7.290025123662e-03 7.517981546409e-03 7.636529354187e-03 7.636504287608e-03 7.518006620406e-03 7.290000310926e-03 6.969343557645e-03 6.577893389850e-03 6.140772652342e-03 5.684562026511e-03 5.235862963735e-03 4.676891428124e-03
 5.300743884786e-03 5.919175814266e-03 6.395090555839e-03 6.867504973846e-03 7.313277219588e-03 7.708347023770e-03 8.029374660811e-03 8.256190041547e-03 8.373653134665e-03 8.373636476295e-03 8.256194101291e-03 8.029395814711e-03 7.708341392464e-03 7.313325592632e-03 6.867486916059e-03 6.395112931138e-03 5.919168044901e-03 5.300747122128e-03
 5.986182849015e-03 6.686393180495e-03 7.206563482929e-03 7.710408640680e-03 8.177046825445e-03 8.584421957562e-03 8.911808362875e-03 9.141249574751e-03 9.259443124909e-03 9.259501761558e-03 9.141209752005e-03 8.911824016098e-03 8.584420286010e-03 8.176993207306e-03 7.710463282726e-03 7.206511139203e-03 6.686407635159e-03 5.986183745548e-03
 6.659415024199e-03 7.452048951465e-03 8.027173812747e-03 8.574956127383e-03 9.074811802580e-03 9.506155381353e-03 9.849621090097e-03 1.008868092107e-02 1.021140273444e-02 1.021136968913e-02 1.008868870495e-02 9.849578855201e-03 9.506131001016e-03 9.074805732432e-03 8.574901312646e-03 8.027178355301e-03 7.452026183425e-03 6.659414455813e-03
 7.275912233566e-03 8.161448961873e-03 8.795002495681e-03 9.391915482058e-03 9.931597027513e-03 1.039369045550e-02 1.075925854810e-02 1.101261657790e-02 1.114228955512e-02 1.114226429820e-02 1.101259523837e-02 1.075925351230e-02 1.039364477965e-02 9.931583093767e-03 9.391882151658e-03 8.794980233236e-03 8.161433442139e-03 7.275925606744e-03
 7.804843099671e-03 8.775105197642e-03 9.463588712751e-03 1.010815626452e-02 1.068766629654e-02 1.118145465870e-02 1.157062848371e-02 1.183958220326e-02 1.197696101953e-02 1.197696791160e-02 1.183955763532e-02 1.157063417706e-02 1.118143122996e-02 1.068766115315e-02 1.010814857164e-02 9.463599465544e-03 8.775106416657e-03 7.804857849787e-03
 8.222749598595e-03 9.262643648338e-03 9.997038390086e-03 1.068210813467e-02 1.129602255579e-02 1.181764254504e-02 1.222787578847e-02 1.251085991228e-02 1.265529969231e-02 1.265530706314e-02 1.251086730750e-02 1.222787086240e-02 1.181767358470e-02 1.129603326319e-02 1.068212616074e-02 9.997069530195e-03 9.262668710753e-03 8.222766120481e-03
 8.511599872124e-03 9.600773105242e-03 1.036804808017e-02 1.108229049406e-02 1.172124068277e-02 1.226329690542e-02 1.268909263576e-02 1.298250470558e-02 1.313221814029e-02 1.313220972632e-02 1.298253767833e-02 1.268909119645e-02 1.226332870153e-02 1.172126249188e-02 1.108233140186e-02 1.036806363234e-02 9.600815863521e-03 8.511603186050e-03
 8.658688783668e-03 9.773420026818e-03 1.055776020324e-02 1.128727343332e-02 1.193937803967e-02 1.249222101225e-02 1.292621521729e-02 1.322518572109e-02 1.337767814090e-02 1.337769273133e-02 1.322520396282e-02 1.292623159266e-02 1.249224274382e-02 1.193939015035e-02 1.128731982968e-02 1.055779013497e-02 9.773428519266e-03 8.658684835375e-03
 8.657377704523e-03 9.772185366347e-03 1.055659082948e-02 1.128617794511e-02 1.193832629266e-02 1.249122256147e-02 1.292525233851e-02 1.322427096354e-02 1.337677204905e-02 1.337678005952e-02 1.322427517424e-02 1.292525726135e-02 1.249124594802e-02 1.193834304233e-02 1.128619548092e-02 1.055660481228e-02 9.772192401647e-03 8.657372888314e-03
 8.507555857396e-03 9.597033219181e-03 1.036451049067e-02 1.107901700561e-02 1.171815857849e-02 1.226046125979e-02 1.268634844627e-02 1.297990847942e-02 1.312966994624e-02 1.312966046676e-02 1.297990516853e-02 1.268636615036e-02 1.226042997231e-02 1.171819819588e-02 1.107901399474e-02 1.036452849839e-02 9.597044784886e-03 8.507556842135e-03
 8.215594096836e-03 9.256172548951e-03 9.991108602875e-03 1.067670106304e-02 1.129114233640e-02 1.181322976235e-02 1.222382412961e-02 1.250706227820e-02 1.265163876998e-02 1.265163643016e-02 1.250705402797e-02 1.222380958764e-02 1.181322489338e-02 1.129113956908e-02 1.067673533486e-02 9.991127170026e-03 9.256192451411e-03 8.215619249214e-03
 7.793826738545e-03 8.765442989861e-03 9.455019074807e-03 1.010067528187e-02 1.068123779484e-02 1.117592637926e-02 1.156589496137e-02 1.183535292035e-02 1.197302617623e-02 1.197301404457e-02 1.183533627374e-02 1.156586687646e-02 1.117594126073e-02 1.068123492335e-02 1.010069216922e-02 9.455034514937e-03 8.765488371598e-03 7.793874568530e-03
 7.259720488620e-03 8.147719012751e-03 8.783292522462e-03 9.382226794708e-03 9.923824985040e-03 1.038762309020e-02 1.075462233915e-02 1.100896913735e-02 1.113913103316e-02 1.113914520621e-02 1.100894740230e-02 1.075461973935e-02 1.038762472250e-02 9.923843078630e-03 9.382237947941e-03 8.783309937448e-03 8.147765323463e-03 7.259775236308e-03
 6.635925039229e-03 7.432861226658e-03 8.011445906536e-03 8.562701089120e-03 9.065868120617e-03 9.500202835521e-03 9.846026585358e-03 1.008682621240e-02 1.021042282301e-02 1.021042540538e-02 1.008682162063e-02 9.846032816191e-03 9.500175913207e-03 9.065907447159e-03 8.562699572121e-03 8.011468562469e-03 7.432863835639e-03 6.635971875677e-03
 5.952484028013e-03 6.659918469611e-03 7.185807308986e-03 7.695406323920e-03 8.167379354724e-03 8.579477670109e-03 8.910657469540e-03 9.142737253400e-03 9.262363675639e-03 9.262338391213e-03 9.142740688945e-03 8.910650841914e-03 8.579477301665e-03 8.167352009575e-03 7.695439667750e-03 7.185776919210e-03 6.659925975128e-03 5.952492642396e-03
 5.253923926173e-03 5.884630896336e-03 6.369955596035e-03 6.851322221981e-03 7.305114790530e-03 7.706825594668e-03 8.033062026953e-03 8.263372999295e-03 8.382614042633e-03 8.382614679505e-03 8.263377455078e-03 8.033032539390e-03 7.706835927630e-03 7.305099427848e-03 6.851317342349e-03 6.369969745631e-03 5.884591001038e-03 5.253932632982e-03
 4.617746240410e-03 5.198786080103e-03 5.663027501158e-03 6.132400895583e-03 6.579753086884e-03 6.978557675666e-03 7.304069865344e-03 7.534953311907e-03 7.654799877842e-03 7.654812768690e-03 7.534922667195e-03 7.304098484946e-03 6.978534145483e-03 6.579763965431e-03 6.132384901879e-03 5.663061528518e-03 5.198770116267e-03 4.617736063341e-03
 4.210587147149e-03 4.799812161177e-03 5.269280759752e-03 5.729869823586e-03 6.150892398045e-03 6.511977643860e-03 6.799129567687e-03 6.999914465634e-03 7.103569966991e-03 7.103556485137e-03 6.999917290595e-03 6.799122580356e-03 6.511978523780e-03 6.150895619137e-03 5.729898496082e-03 5.269252467974e-03 4.799844005489e-03 4.210578676919e-03
 4.493580481411e-03 5.289798090465e-03 5.836275738240e-03 6.250667988392e-03 6.496441910579e-03 6.599332670991e-03 6.613628006527e-03 6.591882716586e-03 6.571632222561e-03 6.571621143699e-03 6.591928577270e-03 6.613589907095e-03 6.599374583174e-03 6.496433741471e-03 6.250662592811e-03 5.836314399089e-03 5.289805996990e-03 4.493578440899e-03
 6.674732804961e-03 8.367937542455e-03 9.312823551024e-03 9.678371214425e-03 9.385625670646e-03 8.562859229137e-03 7.437078102370e-03 6.305560507456e-03 5.557121952496e-03 5.557114934142e-03 6.305564436783e-03 7.437125054442e-03 8.562849062062e-03 9.385668170321e-03 9.678348624508e-03 9.312812382959e-03 8.367983566227e-03 6.674741552209e-03
 1.293076701898e-02 1.721585475969e-02 1.947032858541e-02 2.000605936776e-02 1.872361980541e-02 1.600590428177e-02 1.228031772674e-02 7.952885010158e-03 3.751613322587e-03 3.751675637813e-03 7.952883342735e-03 1.228034365994e-02 1.600594442070e-02 1.872360251126e-02 2.000605636302e-02 1.947031012311e-02 1.721583817308e-02 1.293080197099e-02
 2.683729953123e-02 3.757461109166e-02 4.325833284987e-02 4.425755062306e-02 4.095886652593e-02 3.473342562016e-02 2.660324115425e-02 1.742203050262e-02 8.881086983815e-03 8.881086001067e-03 1.742205631069e-02 2.660326304347e-02 3.473341346939e-02 4.095889758787e-02 4.425752444757e-02 4.325830600809e-02 3.757464499275e-02 2.683731085108e-02
 5.449302283705e-02 8.076256345930e-02 9.505403263452e-02 9.615050413994e-02 8.785247163416e-02 7.463544471260e-02 5.861298943380e-02 4.177395308320e-02 2.851732072941e-02 2.851735384881e-02 4.177394217975e-02 5.861300580511e-02 7.463548583805e-02 8.785246526702e-02 9.615049999632e-02 9.505405202712e-02 8.076253652033e-02 5.449304767908e-02
 1.049948583666e-01 1.685992130748e-01 2.088574027078e-01 2.152312491037e-01 1.997053742629e-01 1.818626414343e-01 1.634377494580e-01 1.473445675811e-01 1.376311210243e-01 1.376312051305e-01 1.473446343762e-01 1.634378213339e-01 1.818626613382e-01 1.997053750537e-01 2.152313392493e-01 2.088573987901e-01 1.685992157035e-01 1.049948714707e-01
 1.877685303545e-01 3.307653518395e-01 4.486675401103e-01 5.103398563920e-01 5.368711134975e-01 5.660979416457e-01 5.909531257510e-01 6.084123459009e-01 6.173150206090e-01 6.173151047794e-01 6.084124815750e-01 5.909532456562e-01 5.660978826914e-01 5.368710625415e-01 5.103398363840e-01 4.486674874447e-01 3.307653356603e-01 1.877685302281e-01
 3.049754692122e-01 5.511532673666e-01 7.929876352365e-01 9.904371067774e-01 1.133069310531e+00 1.262933627226e+00 1.367930267285e+00 1.441048776985e+00 1.478454347328e+00 1.478454312249e+00 1.441048868770e+00 1.367930451875e+00 1.262933636068e+00 1.133069241369e+00 9.904370864914e-01 7.929876315403e-01 5.511532320568e-01 3.049754635351e-01
 4.607131807509e-01 8.400496270727e-01 1.237381667184e+00 1.607255090940e+00 1.898228481216e+00 2.154589679070e+00 2.358775205216e+00 2.500049347064e+00 2.572140607966e+00 2.572140825616e+00 2.500049466274e+00 2.358775183764e+00 2.154589717675e+00 1.898228405692e+00 1.607255082738e+00 1.237381593390e+00 8.400495512660e-01 4.607131637525e-01
 6.567831157545e-01 1.201910875817e+00 1.794692816762e+00 2.386125371234e+00 2.869694219414e+00 3.289935741264e+00 3.622306538529e+00 3.851475011107e+00 3.968236458520e+00 3.968236604944e+00 3.851475026921e+00 3.622306584943e+00 3.289935717719e+00 2.869693908209e+00 2.386125241863e+00 1.794692766173e+00 1.201910852161e+00 6.567831238476e-01
 8.903125401477e-01 1.632026423180e+00 2.462052385266e+00 3.330811110177e+00 4.057853203119e+00 4.684258190022e+00 5.177484460580e+00 5.516783854561e+00 5.689469787013e+00 5.689469884001e+00 5.516783906084e+00 5.177484431424e+00 4.684257972794e+00 4.057853087407e+00 3.330811093911e+00 2.462052354908e+00 1.632026429784e+00 8.903125554777e-01
 1.152156140775e+00 2.113702910053e+00 3.216691988122e+00 4.415188341671e+00 5.434316421330e+00 6.306536296498e+00 6.990989284139e+00 7.461009092023e+00 7.700022814581e+00 7.700022986252e+00 7.461009174792e+00 6.990989158732e+00 6.306536368876e+00 5.434316486842e+00 4.415188174092e+00 3.216692032169e+00 2.113702956187e+00 1.152156179556e+00
 1.426166360367e+00 2.616889009176e+00 4.013413876833e+00 5.578245376817e+00 6.924431374407e+00 8.070160192246e+00 8.966732045243e+00 9.581525592289e+00 9.893941557129e+00 9.893941452765e+00 9.581525609828e+00 8.966732217839e+00 8.070160316741e+00 6.924431214248e+00 5.578245484945e+00 4.013414028126e+00 2.616889062974e+00 1.426166399453e+00
 1.689671155208e+00 3.098984550772e+00 4.785004851510e+00 6.722957050786e+00 8.404648258964e+00 9.829233955588e+00 1.094143517028e+01 1.170318233481e+01 1.209005488828e+01 1.209005475703e+01 1.170318234538e+01 1.094143530594e+01 9.829233820859e+00 8.404648147959e+00 6.722957175325e+00 4.785004952561e+00 3.098984579064e+00 1.689671180478e+00
 1.915398226468e+00 3.508291249001e+00 5.446757025202e+00 7.721241761129e+00 9.707879797810e+00 1.138449078196e+01 1.269107692459e+01 1.358515327291e+01 1.403904440816e+01 1.403904443798e+01 1.358515312195e+01 1.269107684367e+01 1.138449058787e+01 9.707880008328e+00 7.721241570818e+00 5.446756874031e+00 3.508291193132e+00 1.915398239559e+00
 2.074855550641e+00 3.790147083763e+00 5.905559179353e+00 8.426320692175e+00 1.063895049780e+01 1.250154327457e+01 1.395141478999e+01 1.494305504785e+01 1.544638325702e+01 1.544638334832e+01 1.494305484069e+01 1.395141489009e+01 1.250154313371e+01 1.063895057677e+01 8.426320703982e+00 5.905559069620e+00 3.790147042625e+00 2.074855543309e+00
 2.142874205925e+00 3.895205644636e+00 6.073011454358e+00 8.692236278805e+00 1.100021121245e+01 1.294178598198e+01 1.445308211692e+01 1.548693763128e+01 1.601179844706e+01 1.601179852196e+01 1.548693754674e+01 1.445308232010e+01 1.294178593901e+01 1.100021124011e+01 8.692236432595e+00 6.073011367679e+00 3.895205601273e+00 2.142874191832e+00
 2.102714937139e+00 3.788725365565e+00 5.880812394157e+00 8.398304649808e+00 1.062479855975e+01 1.250318633926e+01 1.396825965334e+01 1.497195466391e+01 1.548195700547e+01 1.548195720018e+01 1.497195460028e+01 1.396825970764e+01 1.250318654448e+01 1.062479870729e+01 8.398304596747e+00 5.880812238443e+00 3.788725314829e+00 2.102714922845e+00
 1.950918620603e+00 3.459342975300e+00 5.295329627621e+00 7.474157117105e+00 9.412390411105e+00 1.106512843308e+01 1.236241104327e+01 1.325464991796e+01 1.370900419888e+01 1.370900431168e+01 1.325464977531e+01 1.236241113677e+01 1.106512866674e+01 9.412390358195e+00 7.474157030742e+00 5.295329543724e+00 3.459342955935e+00 1.950918620449e+00
 1.701071851740e+00 2.925992220958e+00 4.326276577960e+00 5.919086927085e+00 7.360668358733e+00 8.629587918410e+00 9.642200913943e+00 1.034502855773e+01 1.070460477412e+01 1.070460457693e+01 1.034502858775e+01 9.642200972836e+00 8.629587763800e+00 7.360668506831e+00 5.919086786100e+00 4.326276440594e+00 2.925992198965e+00 1.701071863097e+00
 1.386255524742e+00 2.243690791588e+00 3.018832578715e+00 3.809300735927e+00 4.587608331979e+00 5.352195330157e+00 5.991170508704e+00 6.444589469467e+00 6.678989617851e+00 6.678989424819e+00 6.444589540269e+00 5.991170545460e+00 5.352195221950e+00 4.587608665258e+00 3.809300576241e+00 3.018832430188e+00 2.243690746936e+00 1.386255516757e+00
 1.061669887573e+00 1.531673041713e+00 1.799122223996e+00 1.938041688976e+00 2.160901906796e+00 2.479608448458e+00 2.782125386419e+00 3.008753842231e+00 3.128716314314e+00 3.128716361764e+00 3.008753746554e+00 2.782125411755e+00 2.479608552149e+00 2.160902044465e+00 1.938041563623e+00 1.799122128810e+00 1.531672959579e+00 1.061669864868e+00
 7.928540728947e-01 1.034874919595e+00 1.115793307247e+00 1.076097557897e+00 1.133966706464e+00 1.256355087673e+00 1.392088446394e+00 1.501408868849e+00 1.561199550631e+00 1.561199603692e+00 1.501408850109e+00 1.392088445287e+00 1.256355085924e+00 1.133966684259e+00 1.076097556378e+00 1.115793302238e+00 1.034874895031e+00 7.928540596059e-01

