5.062498381083e-02 6.461245417795e-02 7.753163805993e-02 8.366642881023e-02 8.115867480474e-02 7.033940614567e-02 5.388319455412e-02 3.892066272229e-02 3.892067870155e-02 5.388318011762e-02 7.033939145704e-02 8.115865888897e-02 8.366645588760e-02 7.753165678191e-02 6.461243368683e-02 5.062497401054e-02
 6.000507959427e-02 8.288243470673e-02 1.068729404153e-01 1.194116077646e-01 1.166861729153e-01 9.906026296933e-02 6.967785104466e-02 3.784994143126e-02 3.784981512505e-02 6.967791762006e-02 9.906015685383e-02 1.166862016164e-01 1.194116540435e-01 1.068729655482e-01 8.288250015054e-02 6.000508594835e-02
 6.652761438914e-02 9.676363749887e-02 1.323327024125e-01 1.538208687274e-01 1.532776738893e-01 1.301654086679e-01 8.759275501074e-02 3.292741563972e-02 3.292755682323e-02 8.759276142795e-02 1.301652397178e-01 1.532777217205e-01 1.538209000146e-01 1.323326858150e-01 9.676364872981e-02 6.652763616379e-02
 6.967258686767e-02 1.035770187537e-01 1.474896398818e-01 1.792590423697e-01 1.856301497845e-01 1.649189741305e-01 1.225639707585e-01 7.693569088664e-02 7.693574480450e-02 1.225638793479e-01 1.649190017371e-01 1.856301434852e-01 1.792589721952e-01 1.474897342029e-01 1.035770366407e-01 6.967254130377e-02
 6.822944659130e-02 1.033280839664e-01 1.530311429236e-01 1.945226939553e-01 2.089676559013e-01 1.933059061279e-01 1.545504226241e-01 1.149785863429e-01 1.149783274863e-01 1.545505156912e-01 1.933057770050e-01 2.089676960444e-01 1.945226852055e-01 1.530311224271e-01 1.033281536051e-01 6.822945923423e-02
 6.173754445571e-02 9.503461621871e-02 1.477235806960e-01 1.972073289009e-01 2.184252434175e-01 2.068566752862e-01 1.700025727398e-01 1.317769311143e-01 1.317769179407e-01 1.700024977970e-01 2.068566415671e-01 2.184252558064e-01 1.972071960970e-01 1.477235870656e-01 9.503466606007e-02 6.173755938024e-02
 5.059977227393e-02 7.949550948732e-02 1.331600059697e-01 1.885188103845e-01 2.140519081523e-01 2.041486556495e-01 1.660566956466e-01 1.246570508848e-01 1.246571173768e-01 1.660565447598e-01 2.041487251964e-01 2.140518818915e-01 1.885188512484e-01 1.331599791444e-01 7.949540392232e-02 5.059976923972e-02
 3.624947418621e-02 5.966303022176e-02 1.142792627138e-01 1.734598867538e-01 2.006250630673e-01 1.899077405438e-01 1.474850828262e-01 9.743047182012e-02 9.743043657173e-02 1.474850096765e-01 1.899078253232e-01 2.006251508568e-01 1.734598666841e-01 1.142791081201e-01 5.966288779364e-02 3.624947380884e-02
 2.186437228395e-02 4.206127562793e-02 9.915586200361e-02 1.595259800763e-01 1.860171807140e-01 1.732893974603e-01 1.257096185113e-01 6.112895143139e-02 6.112881529944e-02 1.257096053755e-01 1.732895187250e-01 1.860172117926e-01 1.595260174403e-01 9.915608928275e-02 4.206138572445e-02 2.186439864576e-02
 1.622240490638e-02 3.816903778540e-02 9.530300168367e-02 1.528917172469e-01 1.772198151165e-01 1.635181425581e-01 1.153153656788e-01 4.494264891418e-02 4.494241665838e-02 1.153152512919e-01 1.635181740639e-01 1.772199087980e-01 1.528918677428e-01 9.530310194973e-02 3.816908003133e-02 1.622242664176e-02
 2.445794771675e-02 4.903161037485e-02 1.019252226110e-01 1.536216634873e-01 1.753600325906e-01 1.630243536460e-01 1.214509029354e-01 6.981682379140e-02 6.981672812921e-02 1.214507712755e-01 1.630243166719e-01 1.753601703557e-01 1.536217400415e-01 1.019252360538e-01 4.903157133607e-02 2.445793095815e-02
 3.450103115667e-02 6.202152804189e-02 1.108104460074e-01 1.559319040104e-01 1.752175274008e-01 1.656764532585e-01 1.334863548850e-01 9.880450121275e-02 9.880440633866e-02 1.334863956259e-01 1.656764201198e-01 1.752176958937e-01 1.559319939081e-01 1.108104278645e-01 6.202159504611e-02 3.450103192645e-02
 4.111321767500e-02 7.014690259224e-02 1.147769617364e-01 1.533905360768e-01 1.701344449432e-01 1.632345494059e-01 1.390888634362e-01 1.149566975649e-01 1.149568446176e-01 1.390889104716e-01 1.632345655017e-01 1.701345281864e-01 1.533907044412e-01 1.147770422778e-01 7.014702666846e-02 4.111324441587e-02
 4.314994117189e-02 7.134711132948e-02 1.105746852138e-01 1.424040631946e-01 1.560846373528e-01 1.507775034662e-01 1.323064156184e-01 1.145729107153e-01 1.145729899996e-01 1.323063771977e-01 1.507775323855e-01 1.560845449928e-01 1.424041687176e-01 1.105747556235e-01 7.134715337044e-02 4.314997151792e-02
 4.081065623388e-02 6.581785238289e-02 9.803274950845e-02 1.225475738569e-01 1.324607783245e-01 1.274898253874e-01 1.125063345922e-01 9.853807097870e-02 9.853799559295e-02 1.125063155580e-01 1.274898068068e-01 1.324607408709e-01 1.225474870742e-01 9.803264870296e-02 6.581788705284e-02 4.081070850043e-02
 3.504755974952e-02 5.498770895860e-02 7.883807740865e-02 9.561060209728e-02 1.011943532055e-01 9.548278465407e-02 8.217848314994e-02 7.001343335773e-02 7.001344346586e-02 8.217845265763e-02 9.548280855736e-02 1.011942515160e-01 9.561054431437e-02 7.883792830432e-02 5.498756278435e-02 3.504757317630e-02
 2.725416596171e-02 4.088785291210e-02 5.548863709613e-02 6.454502864802e-02 6.578715934582e-02 5.884881693226e-02 4.580819127100e-02 3.307802918020e-02 3.307799454155e-02 4.580811386446e-02 5.884887621490e-02 6.578716493129e-02 6.454499796869e-02 5.548860308887e-02 4.088774077973e-02 2.725414595647e-02
 1.905497981711e-02 2.652442582670e-02 3.351839771146e-02 3.737044382679e-02 3.676721394034e-02 3.125565248138e-02 2.146637067891e-02 9.760060109992e-03 9.759982216468e-03 2.146646183378e-02 3.125574350228e-02 3.676722606676e-02 3.737038379964e-02 3.351837090789e-02 2.652439415511e-02 1.905494831612e-02
 1.224981520209e-02 1.602017313720e-02 1.930150306646e-02 2.097486760528e-02 2.032099731434e-02 1.707527435321e-02 1.152871225901e-02 4.732062072605e-03 4.732064805781e-03 1.152873492115e-02 1.707531444233e-02 2.032100985192e-02 2.097483854734e-02 1.930146998456e-02 1.602014738410e-02 1.224980399017e-02
 7.496660883702e-03 9.435280356863e-03 1.102884405798e-02 1.176572601665e-02 1.127973364888e-02 9.443652433022e-03 6.431629940526e-03 2.917387502528e-03 2.917400358487e-03 6.431624814897e-03 9.443695506721e-03 1.127974162049e-02 1.176568246252e-02 1.102883711109e-02 9.435284066493e-03 7.496668331954e-03
 4.419299688492e-03 5.400734665423e-03 6.163616229658e-03 6.470871939143e-03 6.147214380305e-03 5.137018942524e-03 3.546364933593e-03 1.792758887689e-03 1.792750215244e-03 3.546425612549e-03 5.137034749660e-03 6.147187620758e-03 6.470898035564e-03 6.163618007600e-03 5.400714384328e-03 4.419298932752e-03
 2.546450202245e-03 3.033090562876e-03 3.390698010875e-03 3.508879841972e-03 3.306510394951e-03 2.761982081750e-03 1.939621309307e-03 1.084721133313e-03 1.084713761138e-03 1.939636121160e-03 2.761995722399e-03 3.306522436317e-03 3.508851775923e-03 3.390705638266e-03 3.033113355574e-03 2.546439139469e-03
 1.479237898925e-03 1.711513247759e-03 1.871037695400e-03 1.905820489041e-03 1.778542119410e-03 1.481637510896e-03 1.052126061499e-03 6.251319704910e-04 6.251391750200e-04 1.052111740812e-03 1.481609806082e-03 1.778545643166e-03 1.905809592688e-03 1.871040086108e-03 1.711539258581e-03 1.479252495854e-03
 9.231533891077e-04 1.022813374840e-03 1.082044570566e-03 1.075466812081e-03 9.853454998187e-04 8.084213943509e-04 5.632647448515e-04 3.184275410358e-04 3.184032981561e-04 5.632583753154e-04 8.084053840770e-04 9.853374174326e-04 1.075483234257e-03 1.082043035909e-03 1.022821014125e-03 9.231920943031e-04
 6.700454536538e-04 7.003515690055e-04 7.065872986768e-04 6.760627264378e-04 5.998375824439e-04 4.757203109383e-04 3.107011993484e-04 1.278561956161e-04 1.278231864766e-04 3.106723592931e-04 4.757264826548e-04 5.998444924461e-04 6.760768606068e-04 7.066070315528e-04 7.003686823604e-04 6.700814365182e-04
 5.742742456704e-04 5.713538626796e-04 5.519297007677e-04 5.098884598310e-04 4.412878825481e-04 3.461121563033e-04 2.305191222172e-04 1.171217995743e-04 1.170710204129e-04 2.305225602703e-04 3.461252398772e-04 4.413065299397e-04 5.099189257928e-04 5.519361866902e-04 5.713470050987e-04 5.743096250411e-04
 5.486344604505e-04 5.312514774390e-04 5.015216403465e-04 4.570176521096e-04 3.970268658356e-04 3.244775561686e-04 2.487339859081e-04 1.926432190683e-04 1.926705104997e-04 2.486894436940e-04 3.244943257150e-04 3.970527041891e-04 4.569969089076e-04 5.015173960224e-04 5.312277746502e-04 5.486306075443e-04
 5.521241649019e-04 5.277118280964e-04 4.933581188542e-04 4.485518658024e-04 3.944631383593e-04 3.352080666480e-04 2.797413094183e-04 2.436609332302e-04 2.436487692480e-04 2.796863296665e-04 3.351929417996e-04 3.944479193833e-04 4.485121013520e-04 4.933271822174e-04 5.276842568907e-04 5.520855853118e-04
 5.665072196948e-04 5.372515736201e-04 4.989592868458e-04 4.520405670818e-04 3.986026731721e-04 3.430452128245e-04 2.936161242772e-04 2.629684443195e-04 2.629247937748e-04 2.935980955130e-04 3.429933101534e-04 3.985521895490e-04 4.520400264520e-04 4.988924635537e-04 5.372293669417e-04 5.664884221385e-04
 5.823493770959e-04 5.487837233029e-04 5.059017301031e-04 4.546626685975e-04 3.973452495296e-04 3.386527272997e-04 2.868354326523e-04 2.547282079064e-04 2.547242715627e-04 2.868225207819e-04 3.386134884257e-04 3.973335362779e-04 4.546398030944e-04 5.059034949394e-04 5.487603204608e-04 5.823535840045e-04
 5.944670991086e-04 5.569676157616e-04 5.093247489080e-04 4.525117070731e-04 3.888455182115e-04 3.229055048440e-04 2.633527808451e-04 2.251835785324e-04 2.252048133392e-04 2.633388513400e-04 3.229108941369e-04 3.888461087540e-04 4.525094459635e-04 5.093420095437e-04 5.569873069263e-04 5.944693408175e-04
 6.004853059608e-04 5.599000007525e-04 5.081053545150e-04 4.459930346457e-04 3.755344439739e-04 3.008315562929e-04 2.302378052703e-04 1.817494524903e-04 1.817374425967e-04 2.302296907453e-04 3.008300116463e-04 3.755500777400e-04 4.460112227437e-04 5.081403165027e-04 5.598942231672e-04 6.004749976264e-04
 6.000103506404e-04 5.576162135580e-04 5.032070017950e-04 4.373273273519e-04 3.615457328700e-04 2.790710263554e-04 1.967307989476e-04 1.335048908818e-04 1.335006513202e-04 1.967149221237e-04 2.790684034420e-04 3.615437099212e-04 4.373297303723e-04 5.032072961338e-04 5.576338877811e-04 6.000143726180e-04
 5.940734193281e-04 5.514859847242e-04 4.963436840605e-04 4.290218202874e-04 3.507402489904e-04 2.638351712759e-04 1.730384259786e-04 9.374327662625e-05 9.373324965057e-05 1.730188320630e-04 2.638262635500e-04 3.507119045818e-04 4.290251564297e-04 4.963400919345e-04 5.514869649358e-04 5.940541507851e-04
 5.846457279421e-04 5.434728512743e-04 4.895553936215e-04 4.231763308762e-04 3.453732275904e-04 2.582707663666e-04 1.658131167998e-04 8.090271248073e-05 8.091446310178e-05 1.657929649189e-04 2.582376156856e-04 3.453498916023e-04 4.231817575170e-04 4.895882690231e-04 5.434591715285e-04 5.846211687527e-04
 5.748869740248e-04 5.364677731808e-04 4.852763973604e-04 4.214355288848e-04 3.459845930399e-04 2.613098501493e-04 1.722561177261e-04 9.461320220794e-05 9.459639254536e-05 1.722381286665e-04 2.613138976336e-04 3.459834256021e-04 4.214160019191e-04 4.852942892469e-04 5.365058003818e-04 5.748976287611e-04
 5.694573388761e-04 5.348560879104e-04 4.870925178361e-04 4.261009202105e-04 3.528790426076e-04 2.700337497198e-04 1.834536499440e-04 1.114889974057e-04 1.114745724020e-04 1.834765908366e-04 2.700262830588e-04 3.528737271938e-04 4.261211275345e-04 4.870965283821e-04 5.348474730936e-04 5.694984200993e-04
 5.748757475510e-04 5.450304408556e-04 5.009690262380e-04 4.420461250782e-04 3.689111012207e-04 2.841819525008e-04 1.942325375659e-04 1.189814337040e-04 1.189977199430e-04 1.942570545114e-04 2.841966419902e-04 3.689126531632e-04 4.420450410487e-04 5.009597350380e-04 5.450260976143e-04 5.748929182317e-04
 5.994686252061e-04 5.761255915330e-04 5.364880125293e-04 4.787745055346e-04 4.028702877227e-04 3.111375699928e-04 2.102247130610e-04 1.217201766748e-04 1.217131370818e-04 2.102301393267e-04 3.111584486544e-04 4.028927342772e-04 4.787754467350e-04 5.364793850886e-04 5.761384263362e-04 5.994424666987e-04
 6.538118434926e-04 6.412342228624e-04 6.088579615173e-04 5.531244115620e-04 4.725662611162e-04 3.693825750680e-04 2.518588795733e-04 1.469534200267e-04 1.469604072453e-04 2.518842871191e-04 3.694317483437e-04 4.725735130818e-04 5.531168973579e-04 6.088675459993e-04 6.412215985688e-04 6.538068028472e-04
 7.545615612232e-04 7.621241537939e-04 7.443918844275e-04 6.943094335211e-04 6.081712424331e-04 4.884031721250e-04 3.480069446068e-04 2.270723629698e-04 2.270687651541e-04 3.480256122689e-04 4.884318180152e-04 6.081490983898e-04 6.942900735224e-04 7.443854232194e-04 7.621214076733e-04 7.545692173684e-04
 9.354793961743e-04 9.822661801033e-04 9.938980200539e-04 9.561927706105e-04 8.608388654271e-04 7.104028805216e-04 5.258423989003e-04 3.690748682300e-04 3.690791858084e-04 5.258422333112e-04 7.103784501501e-04 8.608222373624e-04 9.561710759224e-04 9.938774291565e-04 9.822562011098e-04 9.354800831539e-04
 1.267340404639e-03 1.389670257022e-03 1.457753625420e-03 1.442843659605e-03 1.326429405896e-03 1.109538250099e-03 8.253807620880e-04 5.755781397675e-04 5.755946264180e-04 8.253723096198e-04 1.109531772325e-03 1.326405841809e-03 1.442856292581e-03 1.457728333453e-03 1.389651136261e-03 1.267352187543e-03
 1.880456727119e-03 2.146148247843e-03 2.322507840985e-03 2.350579421623e-03 2.189268713716e-03 1.833394699041e-03 1.333888374056e-03 8.635829796710e-04 8.635862488096e-04 1.333890489033e-03 1.833413037170e-03 2.189293070991e-03 2.350596357770e-03 2.322506375608e-03 2.146128875464e-03 1.880466737594e-03
 2.982038246085e-03 3.519981716323e-03 3.909820984764e-03 4.028827595176e-03 3.787355913021e-03 3.163081443914e-03 2.231659902103e-03 1.278205151097e-03 1.278202027997e-03 2.231657133332e-03 3.163095323378e-03 3.787406078467e-03 4.028837712113e-03 3.909836654032e-03 3.519990000888e-03 2.982023406208e-03
 4.870876411706e-03 5.928202041483e-03 6.747491269460e-03 7.070844797550e-03 6.707984789045e-03 5.597680768950e-03 3.852836483994e-03 1.918645178925e-03 1.918647500211e-03 3.852827183924e-03 5.597694244737e-03 6.707999962971e-03 7.070870454768e-03 6.747496833532e-03 5.928195122350e-03 4.870865812615e-03
 7.946638038267e-03 9.991462072127e-03 1.167704840187e-02 1.245529571029e-02 1.193766629244e-02 9.984869978220e-03 6.772511988721e-03 2.976744641457e-03 2.976707216337e-03 6.772493404711e-03 9.984868646545e-03 1.193767213401e-02 1.245529997665e-02 1.167703994337e-02 9.991439558997e-03 7.946623658468e-03
 1.268056188914e-02 1.659111682412e-02 2.001744482669e-02 2.176760295717e-02 2.110135232501e-02 1.773138838620e-02 1.194602769631e-02 4.784600051971e-03 4.784555899504e-03 1.194598403643e-02 1.773137594851e-02 2.110135481094e-02 2.176759263729e-02 2.001742925232e-02 1.659108167291e-02 1.268053109522e-02
 1.945083560964e-02 2.699030551002e-02 3.412909588210e-02 3.796876776354e-02 3.725471198862e-02 3.150171699337e-02 2.124936671109e-02 8.313189951039e-03 8.313163294370e-03 2.124941814525e-02 3.150169604025e-02 3.725462443379e-02 3.796878210254e-02 3.412917118496e-02 2.699027495850e-02 1.945074364481e-02
 2.785376079325e-02 4.104846518979e-02 5.450566305199e-02 6.200641035766e-02 6.157014207932e-02 5.261794941889e-02 3.633427119629e-02 1.690893804576e-02 1.690877883075e-02 3.633439855135e-02 5.261787161611e-02 6.157005698124e-02 6.200644122158e-02 5.450577045809e-02 4.104847883559e-02 2.785368260113e-02
 3.643260837883e-02 5.565793300601e-02 7.637207578784e-02 8.859967891341e-02 8.915558818441e-02 7.740786831554e-02 5.557467095532e-02 3.144244411411e-02 3.144226833172e-02 5.557483249192e-02 7.740775653884e-02 8.915550589539e-02 8.859968632618e-02 7.637207853378e-02 5.565795468142e-02 3.643258926036e-02
 4.357180984557e-02 6.791413866684e-02 9.542424780780e-02 1.127826044380e-01 1.150239378357e-01 1.012810494749e-01 7.475245606942e-02 4.641937082410e-02 4.641939790269e-02 7.475240676300e-02 1.012810687199e-01 1.150238983016e-01 1.127825443050e-01 9.542414159400e-02 6.791425575993e-02 4.357184588118e-02
 4.792863703473e-02 7.607460225461e-02 1.097990890073e-01 1.326089277779e-01 1.371529629410e-01 1.221982921764e-01 9.174920160215e-02 5.949378485852e-02 5.949382169541e-02 9.174917415932e-02 1.221982288744e-01 1.371529759721e-01 1.326089664137e-01 1.097990225135e-01 7.607470676712e-02 4.792867465741e-02
 4.855950140582e-02 7.876491924182e-02 1.177414485856e-01 1.460826766079e-01 1.534137341190e-01 1.380108524228e-01 1.044047672339e-01 6.837863054070e-02 6.837849982873e-02 1.044048429957e-01 1.380107915436e-01 1.534137010642e-01 1.460827304351e-01 1.177415158003e-01 7.876495124162e-02 4.855952295860e-02
 4.509253396392e-02 7.534826148443e-02 1.181943744943e-01 1.517770189452e-01 1.621677811150e-01 1.470359768318e-01 1.110732469405e-01 7.134412946094e-02 7.134422893257e-02 1.110731457007e-01 1.470359292942e-01 1.621677265241e-01 1.517769842157e-01 1.181944687256e-01 7.534839847245e-02 4.509256425511e-02
 3.788546134542e-02 6.620575706367e-02 1.112493887202e-01 1.493627625437e-01 1.628165313733e-01 1.486142989167e-01 1.112083498905e-01 6.785437308518e-02 6.785457673781e-02 1.112081993978e-01 1.486142966283e-01 1.628165550564e-01 1.493627033932e-01 1.112493459930e-01 6.620582237407e-02 3.788547664891e-02
 2.822865443914e-02 5.299683839802e-02 9.847426451810e-02 1.399523345453e-01 1.561400121610e-01 1.434340446810e-01 1.057087385002e-01 5.905670564024e-02 5.905659335060e-02 1.057088158493e-01 1.434341005483e-01 1.561400247499e-01 1.399523550229e-01 9.847424657830e-02 5.299674779314e-02 2.822864339609e-02
 1.910098197863e-02 3.921644811538e-02 8.314218070568e-02 1.261637417613e-01 1.442852816899e-01 1.334438332487e-01 9.676856108032e-02 4.794356071722e-02 4.794351548353e-02 9.676854956442e-02 1.334438434708e-01 1.442854358585e-01 1.261638574030e-01 8.314217123066e-02 3.921632273800e-02 1.910096563181e-02
 1.686492946727e-02 3.136662138994e-02 7.022017155953e-02 1.117767067961e-01 1.303191489909e-01 1.212732730916e-01 8.705126390322e-02 3.874834595379e-02 3.874847505508e-02 8.705127051003e-02 1.212733678231e-01 1.303190938132e-01 1.117766819878e-01 7.022032948703e-02 3.136667015628e-02 1.686496831833e-02
 2.324367818027e-02 3.488627735487e-02 6.483109990655e-02 1.007277912320e-01 1.173717094006e-01 1.093301927297e-01 7.839679500054e-02 3.426777303727e-02 3.426788353640e-02 7.839667661495e-02 1.093302321232e-01 1.173716488103e-01 1.007277126995e-01 6.483105667254e-02 3.488642183458e-02 2.324377456370e-02
 3.136705521841e-02 4.451468580852e-02 6.784602490862e-02 9.534034571643e-02 1.076448020800e-01 9.912401407460e-02 7.112874426377e-02 3.271263042741e-02 3.271276593859e-02 7.112870720320e-02 9.912409254459e-02 1.076446897207e-01 9.534019655940e-02 6.784592342362e-02 4.451482178843e-02 3.136712312542e-02
 3.771067671543e-02 5.357082274184e-02 7.489356679444e-02 9.502699128028e-02 1.018619973789e-01 9.140634206157e-02 6.506656744636e-02 3.111847445947e-02 3.111842226237e-02 6.506665449813e-02 9.140634435450e-02 1.018619186322e-01 9.502692810442e-02 7.489364797726e-02 5.357087286019e-02 3.771065969051e-02
 4.133088689002e-02 5.950093611734e-02 8.147026201920e-02 9.723997612249e-02 9.949380508181e-02 8.678999076862e-02 6.123809215376e-02 3.081240320679e-02 3.081239710789e-02 6.123819616329e-02 8.678983815379e-02 9.949373722630e-02 9.723994250815e-02 8.147020016806e-02 5.950084028610e-02 4.133084177258e-02
 4.224168086477e-02 6.218217119296e-02 8.560605214844e-02 9.935691028490e-02 9.920314502758e-02 8.558060022719e-02 6.154232059949e-02 3.589322909711e-02 3.589350057612e-02 6.154236534102e-02 8.558062171227e-02 9.920305071394e-02 9.935688921039e-02 8.560610860084e-02 6.218215547867e-02 4.224163440572e-02
 4.094403403209e-02 5.914246415161e-02 7.971723930117e-02 9.104891053898e-02 9.043087885868e-02 7.864816638336e-02 5.887113984324e-02 3.955860798364e-02 3.955881047524e-02 5.887111262911e-02 7.864808177381e-02 9.043090430929e-02 9.104883839403e-02 7.971722214898e-02 5.914238162084e-02 4.094392335167e-02
 3.664738910007e-02 4.919738401507e-02 6.212414167724e-02 6.912461392669e-02 6.819564817212e-02 5.961335451586e-02 4.569998916813e-02 3.270580816948e-02 3.270576755412e-02 4.569994159466e-02 5.961334737575e-02 6.819562199541e-02 6.912457720917e-02 6.212408705431e-02 4.919727694869e-02 3.664733299332e-02

