3.989850268764e-02 4.371994571251e-02 4.316040546660e-02 4.807644059382e-02 5.628977151832e-02 6.457716237949e-02 7.094599893170e-02 7.435319652876e-02 7.435314266249e-02 7.094598497055e-02 6.457723792785e-02 5.628975980365e-02 4.807639029850e-02 4.316035881304e-02 4.371993444495e-02 3.989848570385e-02
 6.232902930065e-02 7.713707637322e-02 8.539321035755e-02 1.000335695667e-01 1.182882644359e-01 1.349010831909e-01 1.471359390995e-01 1.535653601727e-01 1.535653196305e-01 1.471357628346e-01 1.349012094361e-01 1.182882464044e-01 1.000336580106e-01 8.539308172729e-02 7.713696226906e-02 6.232893794172e-02
 9.166088096665e-02 1.301223819586e-01 1.676377175903e-01 2.051057758849e-01 2.412837034451e-01 2.714035430833e-01 2.927502396433e-01 3.037788301648e-01 3.037789447452e-01 2.927500762887e-01 2.714034917980e-01 2.412836235278e-01 2.051059206214e-01 1.676376821688e-01 1.301222602662e-01 9.166083354277e-02
 1.185160973209e-01 1.813882571876e-01 2.498499067782e-01 3.104191412471e-01 3.641529624042e-01 4.071136015057e-01 4.369135838730e-01 4.521426329056e-01 4.521426316391e-01 4.369134931130e-01 4.071134627782e-01 3.641529314844e-01 3.104190161330e-01 2.498499425114e-01 1.813883049048e-01 1.185160803451e-01
 1.380700819066e-01 2.168148617603e-01 3.047760966436e-01 3.805813828984e-01 4.459075192564e-01 4.972378067869e-01 5.324563037903e-01 5.503430606027e-01 5.503429186338e-01 5.324562254042e-01 4.972377073656e-01 4.459074916034e-01 3.805814566453e-01 3.047760705752e-01 2.168149378795e-01 1.380700526938e-01
 1.479126055232e-01 2.342727420438e-01 3.307163135266e-01 4.127453325299e-01 4.826577331939e-01 5.371378705537e-01 5.742880376367e-01 5.930829368470e-01 5.930828910849e-01 5.742878795088e-01 5.371378618315e-01 4.826574709737e-01 4.127454844167e-01 3.307163801588e-01 2.342727314326e-01 1.479126025906e-01
 1.476877162849e-01 2.342075750712e-01 3.296743598082e-01 4.099102238492e-01 4.779704906852e-01 5.307557949785e-01 5.665991539976e-01 5.846802906746e-01 5.846803513372e-01 5.665989086430e-01 5.307558065326e-01 4.779704081544e-01 4.099101062725e-01 3.296743984958e-01 2.342075761066e-01 1.476877066278e-01
 1.386417105133e-01 2.193647637300e-01 3.067889540148e-01 3.792786292514e-01 4.405999765960e-01 4.879770631177e-01 5.200239891145e-01 5.361443339466e-01 5.361443842605e-01 5.200239592040e-01 4.879767990817e-01 4.406000355068e-01 3.792787702451e-01 3.067889390109e-01 2.193648566433e-01 1.386417317399e-01
 1.230618261147e-01 1.939414501411e-01 2.689749582749e-01 3.301943366608e-01 3.818363004156e-01 4.215580322770e-01 4.483024303305e-01 4.617083061782e-01 4.617080684477e-01 4.483025104560e-01 4.215579505599e-01 3.818361662411e-01 3.301944661396e-01 2.689750236169e-01 1.939416423870e-01 1.230618583880e-01
 1.036700794556e-01 1.626140298606e-01 2.234504422429e-01 2.721365168639e-01 3.130292688222e-01 3.442847415252e-01 3.651905953134e-01 3.756173550216e-01 3.756170707761e-01 3.651905976502e-01 3.442849604510e-01 3.130292109590e-01 2.721364281610e-01 2.234505448283e-01 1.626141351959e-01 1.036700844821e-01
 8.308378792066e-02 1.296945051183e-01 1.765387500444e-01 2.131794513973e-01 2.437347672060e-01 2.668633807044e-01 2.821777416191e-01 2.897571203612e-01 2.897570367409e-01 2.821777811831e-01 2.668633128386e-01 2.437347764057e-01 2.131795037851e-01 1.765386650560e-01 1.296943500968e-01 8.308373896504e-02
 6.342795008535e-02 9.855915360730e-02 1.329381092252e-01 1.591201712856e-01 1.806985737791e-01 1.967837943778e-01 2.072643307538e-01 2.123865933807e-01 2.123865040232e-01 2.072644409366e-01 1.967835721901e-01 1.806984395535e-01 1.591202380121e-01 1.329382482902e-01 9.855903045369e-02 6.342790740387e-02
 4.613731670619e-02 7.139657603433e-02 9.548649189536e-02 1.132719825689e-01 1.276570361467e-01 1.381191024869e-01 1.447547852267e-01 1.479272370749e-01 1.479271380850e-01 1.447548446842e-01 1.381190170449e-01 1.276570647781e-01 1.132719010305e-01 9.548660934821e-02 7.139653611047e-02 4.613731070981e-02
 3.193694048251e-02 4.923476932009e-02 6.532410425588e-02 7.676911798023e-02 8.575046815660e-02 9.201598300236e-02 9.579879943020e-02 9.752959254144e-02 9.752944811874e-02 9.579879572639e-02 9.201595182110e-02 8.575051830564e-02 7.676909530558e-02 6.532413573659e-02 4.923467377612e-02 3.193692491396e-02
 2.095698615830e-02 3.216326609941e-02 4.229565870571e-02 4.914999343107e-02 5.425575066161e-02 5.754059604167e-02 5.931211648045e-02 6.003075397127e-02 6.003059884602e-02 5.931216018172e-02 5.754053893522e-02 5.425586442303e-02 4.914988303728e-02 4.229568571377e-02 3.216317086841e-02 2.095699606305e-02
 1.292142451992e-02 1.964466776156e-02 2.541743157067e-02 2.898973234582e-02 3.135902148573e-02 3.255559991037e-02 3.291874480629e-02 3.292559233543e-02 3.292554813056e-02 3.291887615020e-02 3.255541066827e-02 3.135915796025e-02 2.898970525519e-02 2.541739321105e-02 1.964473151629e-02 1.292146400092e-02
 7.355281041810e-03 1.082645396025e-02 1.327468646087e-02 1.445658578136e-02 1.482960234871e-02 1.445427213514e-02 1.368055422025e-02 1.306073170318e-02 1.306073832485e-02 1.368067596911e-02 1.445420762067e-02 1.482949938553e-02 1.445660945419e-02 1.327479507306e-02 1.082654498651e-02 7.355330747565e-03
 3.758256031428e-03 5.093941316356e-03 5.828304076414e-03 6.068092648723e-03 5.762126731146e-03 4.937431024762e-03 3.766660907868e-03 2.727548736994e-03 2.727568967220e-03 3.766700976318e-03 4.937505602632e-03 5.762135822783e-03 6.068088309956e-03 5.828282083282e-03 5.093890540188e-03 3.758255004069e-03
 1.902120305849e-03 2.417704729576e-03 2.780720231509e-03 2.891238925818e-03 2.707073458081e-03 2.225632556951e-03 1.495811017444e-03 6.660385932586e-04 6.660613456779e-04 1.495798533753e-03 2.225623876584e-03 2.707127294607e-03 2.891300964078e-03 2.780670649347e-03 2.417592255473e-03 1.902076083409e-03
 1.258502788774e-03 1.464629826885e-03 1.621462951050e-03 1.660014017197e-03 1.540936642930e-03 1.254738573561e-03 8.215830603775e-04 2.899470785085e-04 2.899607617029e-04 8.215660408137e-04 1.254789113992e-03 1.541004212158e-03 1.660013411553e-03 1.621412770003e-03 1.464576996745e-03 1.258465919166e-03
 1.149974677375e-03 1.217600187807e-03 1.253764817356e-03 1.223703741760e-03 1.102572022347e-03 8.828679101412e-04 5.768425665561e-04 2.238571249736e-04 2.238447015465e-04 5.768961819776e-04 8.829094575551e-04 1.102575093917e-03 1.223711758601e-03 1.253773015242e-03 1.217568066883e-03 1.149934224216e-03
 1.169659678278e-03 1.181370012815e-03 1.159332667970e-03 1.086423238374e-03 9.503777260449e-04 7.489292180556e-04 4.939825017228e-04 2.298480442920e-04 2.298999259834e-04 4.940057184902e-04 7.489272921842e-04 9.504213668064e-04 1.086468038405e-03 1.159299667291e-03 1.181341606038e-03 1.169659516164e-03
 1.188810879697e-03 1.172730740883e-03 1.121549480570e-03 1.025856130156e-03 8.798831416116e-04 6.849479755892e-04 4.532677231058e-04 2.279180845047e-04 2.279179760229e-04 4.532982510100e-04 6.849690409702e-04 8.799050950788e-04 1.025843461806e-03 1.121556525111e-03 1.172747183167e-03 1.188785649074e-03
 1.183197644940e-03 1.150311520967e-03 1.082963763009e-03 9.756032491268e-04 8.258724582890e-04 6.368610051189e-04 4.202737696524e-04 2.156346039336e-04 2.156563691046e-04 4.202809823879e-04 6.368623483680e-04 8.258859866564e-04 9.756222326451e-04 1.082971593122e-03 1.150295195827e-03 1.183181024183e-03
 1.150256270781e-03 1.106937041462e-03 1.031049240056e-03 9.192007997459e-04 7.709793573884e-04 5.901565559375e-04 3.874923093218e-04 1.984774000608e-04 1.984785968645e-04 3.875004827954e-04 5.901584979610e-04 7.709677278835e-04 9.192194120449e-04 1.031028263499e-03 1.106937695145e-03 1.150291557747e-03
 1.090933897369e-03 1.042001845984e-03 9.631340087959e-04 8.523916022706e-04 7.102659422073e-04 5.407683930009e-04 3.537267149499e-04 1.806732475121e-04 1.806766544250e-04 3.536940536456e-04 5.407883985173e-04 7.102884423702e-04 8.523636677750e-04 9.631036515398e-04 1.041991306796e-03 1.090939980350e-03
 1.006546871764e-03 9.560989263972e-04 8.788911710819e-04 7.738428159148e-04 6.420243294929e-04 4.873890163695e-04 3.187700032869e-04 1.647101379312e-04 1.647280559042e-04 3.187934221399e-04 4.873785744969e-04 6.420426510923e-04 7.738369077687e-04 8.788663740923e-04 9.560883018841e-04 1.006536355622e-03
 8.988153326152e-04 8.503395124854e-04 7.786968728957e-04 6.833480706692e-04 5.656235531539e-04 4.292930814075e-04 2.824318586360e-04 1.511470801209e-04 1.511313784729e-04 2.824697931047e-04 4.292910258716e-04 5.656358163017e-04 6.833443389432e-04 7.786861144565e-04 8.503637190649e-04 8.988132407684e-04
 7.699224635849e-04 7.263928085730e-04 6.635624361867e-04 5.813152549936e-04 4.809992045103e-04 3.661079979081e-04 2.441409291331e-04 1.385831125257e-04 1.386048018638e-04 2.441009019348e-04 3.661318200961e-04 4.810133855809e-04 5.813108168213e-04 6.635841874094e-04 7.264033907180e-04 7.699157674881e-04
 6.227232979499e-04 5.865845935010e-04 5.352430536363e-04 4.688066203763e-04 3.886339938549e-04 2.978220655011e-04 2.030834398527e-04 1.247865965668e-04 1.247731366336e-04 2.030719788634e-04 2.978150292538e-04 3.886456048070e-04 4.688449892720e-04 5.352578002733e-04 5.865788170150e-04 6.227290306745e-04
 4.613052913488e-04 4.343731998047e-04 3.964911273194e-04 3.479483603053e-04 2.899263571046e-04 2.250345874162e-04 1.590030271146e-04 1.076723758198e-04 1.076729763115e-04 1.589999315645e-04 2.250218262863e-04 2.899355154283e-04 3.479836573508e-04 3.965143801060e-04 4.343602200833e-04 4.612954332340e-04
 2.925853748889e-04 2.759965361695e-04 2.528357040122e-04 2.233498346622e-04 1.885177554516e-04 1.504132031900e-04 1.132277635932e-04 8.681726657247e-05 8.682853224239e-05 1.132411946626e-04 1.503669162108e-04 1.885344814374e-04 2.233657021167e-04 2.528474560758e-04 2.760201060498e-04 2.925719389566e-04
 1.417550211839e-04 1.352016367859e-04 1.259231052029e-04 1.141645013356e-04 1.005844967835e-04 8.645126435868e-05 7.388904065632e-05 6.613695789016e-05 6.612567795719e-05 7.390914331582e-05 8.644117561549e-05 1.005762414136e-04 1.141753524633e-04 1.259414370464e-04 1.352376531935e-04 1.417535535509e-04
 1.570045000459e-04 1.491271016527e-04 1.378458105752e-04 1.233655617719e-04 1.064364657597e-04 8.835654869244e-05 7.157580092640e-05 6.062427643014e-05 6.063175977263e-05 7.157731579751e-05 8.834770745940e-05 1.064525372757e-04 1.233642415203e-04 1.378099103637e-04 1.491109126286e-04 1.570032111285e-04
 3.179403630241e-04 2.998810346051e-04 2.743768596835e-04 2.417226022833e-04 2.028212621924e-04 1.598564827211e-04 1.172069735114e-04 8.580070515023e-05 8.580229072401e-05 1.171981331546e-04 1.598621814839e-04 2.028613799577e-04 2.416989083058e-04 2.743497913848e-04 2.998489957793e-04 3.178911077886e-04
 4.941737834924e-04 4.663489923795e-04 4.268735680358e-04 3.760993225680e-04 3.154688141152e-04 2.482371713749e-04 1.812360901337e-04 1.315431989843e-04 1.315297466968e-04 1.812377182473e-04 2.482828948694e-04 3.155143731890e-04 3.760878205809e-04 4.268531593361e-04 4.663139923823e-04 4.941260852305e-04
 6.649910291916e-04 6.288749017252e-04 5.769937462514e-04 5.097664684365e-04 4.292834966080e-04 3.399907188522e-04 2.514615617603e-04 1.867969786249e-04 1.867823765787e-04 2.514633302263e-04 3.400296699155e-04 4.293216843318e-04 5.098003889050e-04 5.769688195404e-04 6.288387476304e-04 6.649843812691e-04
 8.233311771676e-04 7.808590697667e-04 7.187561927093e-04 6.374865475135e-04 5.395419210970e-04 4.307146104752e-04 3.234667846849e-04 2.463624310351e-04 2.463646047009e-04 3.234597887170e-04 4.307400486614e-04 5.395740442619e-04 6.375091841178e-04 7.187513090040e-04 7.808395054114e-04 8.233113213283e-04
 9.643093413699e-04 9.179471339415e-04 8.483554677444e-04 7.558434552636e-04 6.432921837575e-04 5.177505856505e-04 3.943712682877e-04 3.069098265243e-04 3.068684020735e-04 3.943850257040e-04 5.177449960495e-04 6.432964940406e-04 7.558349095092e-04 8.483710375356e-04 9.179651301566e-04 9.642937566407e-04
 1.083968216260e-03 1.036616181989e-03 9.626816180440e-04 8.621705821080e-04 7.381518924991e-04 5.987920956077e-04 4.618137345260e-04 3.654828399987e-04 3.654893994698e-04 4.617554369125e-04 5.987503486375e-04 7.381647315482e-04 8.621570703258e-04 9.626998857958e-04 1.036622865670e-03 1.083950586807e-03
 1.178749217583e-03 1.133564888834e-03 1.058907671732e-03 9.540790530710e-04 8.220326820210e-04 6.717282643156e-04 5.233316581978e-04 4.193425477455e-04 4.193372673044e-04 5.232977453453e-04 6.716899027297e-04 8.219973185160e-04 9.540690396603e-04 1.058896345441e-03 1.133568338398e-03 1.178753287809e-03
 1.244894828057e-03 1.205369160561e-03 1.133960081303e-03 1.028885085505e-03 8.925894697639e-04 7.343930175619e-04 5.764913303050e-04 4.655858482589e-04 4.655767079740e-04 5.764900056192e-04 7.343711304649e-04 8.925211212668e-04 1.028881621505e-03 1.133956211373e-03 1.205360778502e-03 1.244911049836e-03
 1.277535037351e-03 1.247138535965e-03 1.183472432615e-03 1.083004101220e-03 9.467441877538e-04 7.839287589871e-04 6.184251554945e-04 5.009830749116e-04 5.010074195020e-04 6.184159531381e-04 7.839253339642e-04 9.467136917085e-04 1.082980049880e-03 1.183477456730e-03 1.247147257465e-03 1.277543755614e-03
 1.268836417721e-03 1.250924239906e-03 1.200271100666e-03 1.110457552653e-03 9.798317985835e-04 8.164469260852e-04 6.452085100026e-04 5.212384769271e-04 5.212435897506e-04 6.451999855227e-04 8.164579896965e-04 9.798436055019e-04 1.110436775683e-03 1.200276845896e-03 1.250953915931e-03 1.268850820847e-03
 1.206489274984e-03 1.204696480758e-03 1.174758914375e-03 1.104666766085e-03 9.875079438072e-04 8.282589203655e-04 6.519151243243e-04 5.191775640521e-04 5.191581254774e-04 6.519149736417e-04 8.282726411372e-04 9.875242689201e-04 1.104677616404e-03 1.174776985728e-03 1.204716424039e-03 1.206488750193e-03
 1.083812847763e-03 1.110130070644e-03 1.119576227591e-03 1.085953906377e-03 9.912718320279e-04 8.347638640288e-04 6.409679451668e-04 4.814013064507e-04 4.813592021575e-04 6.409885736438e-04 8.347554998659e-04 9.912674145942e-04 1.085949903232e-03 1.119575721272e-03 1.110132695598e-03 1.083820454398e-03
 1.008217386883e-03 1.135767550523e-03 1.239371033378e-03 1.262816295938e-03 1.176639698906e-03 9.762525717934e-04 6.860646824941e-04 3.927845436653e-04 3.928011136745e-04 6.860613230230e-04 9.762597656516e-04 1.176622045124e-03 1.262775823786e-03 1.239334854151e-03 1.135755961887e-03 1.008220681545e-03
 1.580912538961e-03 2.000310536613e-03 2.248380353702e-03 2.289728108869e-03 2.108581694296e-03 1.705624147195e-03 1.111232288075e-03 3.874572732438e-04 3.874729386086e-04 1.111218001870e-03 1.705601397703e-03 2.108596866514e-03 2.289707083166e-03 2.248341665120e-03 2.000333142010e-03 1.580948350984e-03
 3.609323866768e-03 4.753368662096e-03 5.243760693817e-03 5.285262273182e-03 4.868464932379e-03 4.028118056133e-03 2.884392875792e-03 1.806556235993e-03 1.806543915012e-03 2.884426175650e-03 4.028207604865e-03 4.868517459079e-03 5.285221269805e-03 5.243704708007e-03 4.753372839672e-03 3.609386222164e-03
 7.478914920061e-03 1.063552654128e-02 1.246946475016e-02 1.300481037575e-02 1.285044141199e-02 1.208258867008e-02 1.103046137746e-02 1.024943444575e-02 1.024960169879e-02 1.103041196229e-02 1.208265179670e-02 1.285041024141e-02 1.300495165293e-02 1.246945187658e-02 1.063548337063e-02 7.478963374770e-03
 1.337932554998e-02 1.973468506295e-02 2.425203808053e-02 2.631708928402e-02 2.742762272167e-02 2.763871337668e-02 2.731013994526e-02 2.695305323868e-02 2.695326692670e-02 2.731008496796e-02 2.763880714508e-02 2.742757016134e-02 2.631729587221e-02 2.425205974068e-02 1.973465183575e-02 1.337933555770e-02
 2.177492249320e-02 3.247226477819e-02 4.060271534268e-02 4.497769058192e-02 4.798384514859e-02 4.961514245221e-02 5.023333855788e-02 5.035464350937e-02 5.035477371735e-02 5.023324935306e-02 4.961514571101e-02 4.798410621716e-02 4.497759348843e-02 4.060282555023e-02 3.247238212080e-02 2.177493972803e-02
 3.311741033175e-02 4.969238105015e-02 6.285832889662e-02 7.067297167335e-02 7.657983760370e-02 8.043193434205e-02 8.254448385231e-02 8.341797695867e-02 8.341810538827e-02 8.254431361865e-02 8.043196087553e-02 7.657991967031e-02 7.067282675460e-02 6.285845843642e-02 4.969247914232e-02 3.311738203637e-02
 4.767385173822e-02 7.191885805728e-02 9.196353864126e-02 1.047794209878e-01 1.149906579723e-01 1.222024731834e-01 1.266084621419e-01 1.286443769878e-01 1.286445616892e-01 1.266081424478e-01 1.222025136913e-01 1.149903233729e-01 1.047795545041e-01 9.196353464983e-02 7.191874728667e-02 4.767378360350e-02
 6.530751244384e-02 9.906023758799e-02 1.280972270427e-01 1.478275404455e-01 1.640535390704e-01 1.760114236349e-01 1.836841536660e-01 1.873844455186e-01 1.873843864467e-01 1.836839197056e-01 1.760112933523e-01 1.640532454565e-01 1.478276215563e-01 1.280971356656e-01 9.906008134384e-02 6.530746340820e-02
 8.528293968290e-02 1.300993548185e-01 1.702103736022e-01 1.988746154361e-01 2.228990984798e-01 2.410400245080e-01 2.529860695013e-01 2.588682906983e-01 2.588680555258e-01 2.529859840518e-01 2.410399622216e-01 2.228989408545e-01 1.988745350429e-01 1.702102752211e-01 1.300992745076e-01 8.528290804283e-02
 1.061466737642e-01 1.628693130730e-01 2.156214053220e-01 2.549112830962e-01 2.882046087140e-01 3.137048917834e-01 3.307471390529e-01 3.392344428579e-01 3.392346787726e-01 3.307468521085e-01 3.137049944453e-01 2.882044689142e-01 2.549112313528e-01 2.156213565921e-01 1.628692948473e-01 1.061466844503e-01
 1.257451762975e-01 1.940219727170e-01 2.598392289275e-01 3.105289230438e-01 3.537422349925e-01 3.871234502995e-01 4.096311780279e-01 4.209163373428e-01 4.209166521502e-01 4.096307856038e-01 3.871234971418e-01 3.537422327957e-01 3.105288731163e-01 2.598391462733e-01 1.940220228909e-01 1.257451977800e-01
 1.414261860575e-01 2.192786740624e-01 2.967726319993e-01 3.580747689351e-01 4.105111564083e-01 4.512377733313e-01 4.788560443221e-01 4.927643966670e-01 4.927644905428e-01 4.788559043499e-01 4.512375787439e-01 4.105111470503e-01 3.580745735522e-01 2.967725309415e-01 2.192786840045e-01 1.414262068921e-01
 1.504343293940e-01 2.339987892518e-01 3.194239755826e-01 3.884533056382e-01 4.476596440036e-01 4.938403604821e-01 5.252960777120e-01 5.411890471871e-01 5.411890709778e-01 5.252959604523e-01 4.938402119929e-01 4.476593488333e-01 3.884532653109e-01 3.194239036602e-01 2.339987979095e-01 1.504343302748e-01
 1.504621859198e-01 2.340204874602e-01 3.210415506629e-01 3.925856009432e-01 4.542302431198e-01 5.025554817004e-01 5.356238949706e-01 5.523854156932e-01 5.523852552791e-01 5.356237599526e-01 5.025554523976e-01 4.542298624992e-01 3.925858248367e-01 3.210413739884e-01 2.340204938038e-01 1.504621787938e-01
 1.402696630061e-01 2.166293830024e-01 2.965455566474e-01 3.633298969517e-01 4.215263202392e-01 4.675532554752e-01 4.992589330713e-01 5.153975678357e-01 5.153975405210e-01 4.992588753904e-01 4.675530542185e-01 4.215262654285e-01 3.633298428087e-01 2.965455632442e-01 2.166293043169e-01 1.402696483347e-01
 1.202580721396e-01 1.813928027385e-01 2.438384424364e-01 2.974721756409e-01 3.456686126514e-01 3.845089785803e-01 4.115852466039e-01 4.254608004596e-01 4.254607992182e-01 4.115850872322e-01 3.845089178811e-01 3.456686035006e-01 2.974719632070e-01 2.438386263386e-01 1.813927042971e-01 1.202580278204e-01
 9.293521214716e-02 1.303973471047e-01 1.643109676830e-01 1.973182518053e-01 2.297873553234e-01 2.571558042472e-01 2.766986187656e-01 2.868360492349e-01 2.868358630093e-01 2.766986485915e-01 2.571557042395e-01 2.297871793118e-01 1.973183302461e-01 1.643111176223e-01 1.303972828108e-01 9.293516120826e-02
 6.309932204225e-02 7.758941613283e-02 8.439632708839e-02 9.666842716160e-02 1.128435502105e-01 1.279578154628e-01 1.392371774543e-01 1.452023437797e-01 1.452022270793e-01 1.392373301640e-01 1.279576409881e-01 1.128435055336e-01 9.666846728602e-02 8.439640931169e-02 7.758939732102e-02 6.309930188446e-02
 4.014917448787e-02 4.394599210853e-02 4.285089018036e-02 4.654574583780e-02 5.369255171622e-02 6.122923506129e-02 6.713010445750e-02 7.031267529450e-02 7.031265064974e-02 6.713012760176e-02 6.122921627486e-02 5.369258985623e-02 4.654569670749e-02 4.285088607113e-02 4.394600770149e-02 4.014917111748e-02

