1.001787063634e+00 1.094578874898e+00 1.095970892465e+00 1.192115339537e+00 1.338067752458e+00 1.484202433150e+00 1.597054200688e+00 1.657703675359e+00 1.657703629089e+00 1.597054224704e+00 1.484202496193e+00 1.338067799047e+00 1.192115361404e+00 1.095970922851e+00 1.094578892582e+00 1.001787093981e+00
 1.464470556862e+00 1.788936814925e+00 1.980623403790e+00 2.268182991254e+00 2.616113407802e+00 2.928566213322e+00 3.157375183897e+00 3.277348538814e+00 3.277348510366e+00 3.157375252362e+00 2.928566344676e+00 2.616113423507e+00 2.268183071329e+00 1.980623610836e+00 1.788936867741e+00 1.464470600005e+00
 2.056611528102e+00 2.850525697981e+00 3.656249136983e+00 4.447846159950e+00 5.193145062043e+00 5.805658008593e+00 6.237048552295e+00 6.459325408549e+00 6.459325505719e+00 6.237048555762e+00 5.805658152671e+00 5.193145081574e+00 4.447846377716e+00 3.656249294342e+00 2.850525749148e+00 2.056611566473e+00
 2.602542716238e+00 3.883876633183e+00 5.363561365140e+00 6.699737987159e+00 7.861060116444e+00 8.782579063224e+00 9.420503442846e+00 9.746499762170e+00 9.746499890259e+00 9.420503348676e+00 8.782579093655e+00 7.861060029696e+00 6.699738041725e+00 5.363561226705e+00 3.883876712715e+00 2.602542789128e+00
 3.014806963544e+00 4.634441184688e+00 6.579714038677e+00 8.311832628934e+00 9.781074047800e+00 1.093167472024e+01 1.172227093150e+01 1.212472543834e+01 1.212472550615e+01 1.172227103443e+01 1.093167464449e+01 9.781073837644e+00 8.311832431425e+00 6.579713890477e+00 4.634441293959e+00 3.014807042850e+00
 3.252360499835e+00 5.061550110258e+00 7.259857183925e+00 9.209068516599e+00 1.084977551574e+01 1.212855397256e+01 1.300455637729e+01 1.344972304439e+01 1.344972307119e+01 1.300455660527e+01 1.212855390216e+01 1.084977547560e+01 9.209068320262e+00 7.259857028240e+00 5.061550142802e+00 3.252360522436e+00
 3.304216139553e+00 5.162605598483e+00 7.417578019131e+00 9.411585432576e+00 1.108762351771e+01 1.239250163786e+01 1.328560505046e+01 1.373920709311e+01 1.373920716426e+01 1.328560515533e+01 1.239250166726e+01 1.108762350832e+01 9.411585350631e+00 7.417577974335e+00 5.162605617889e+00 3.304216158622e+00
 3.183975274752e+00 4.971708964822e+00 7.121375517022e+00 9.016500335454e+00 1.061176507431e+01 1.185458710556e+01 1.270543605236e+01 1.313760948589e+01 1.313760972019e+01 1.270543597706e+01 1.185458713332e+01 1.061176495148e+01 9.016500247765e+00 7.121375512362e+00 4.971709101035e+00 3.183975332412e+00
 2.923486684777e+00 4.550025424409e+00 6.477842764812e+00 8.170797722801e+00 9.600306905426e+00 1.071584795475e+01 1.148025354885e+01 1.186869631201e+01 1.186869646903e+01 1.148025347378e+01 1.071584792043e+01 9.600306821009e+00 8.170797640942e+00 6.477842704005e+00 4.550025619419e+00 2.923486753664e+00
 2.565255290848e+00 3.972950293378e+00 5.610458621932e+00 7.041310666120e+00 8.254669426301e+00 9.203777124196e+00 9.855026992272e+00 1.018620753873e+01 1.018620751878e+01 9.855027098044e+00 9.203777116220e+00 8.254669440785e+00 7.041310611352e+00 5.610458627319e+00 3.972950444786e+00 2.565255339094e+00
 2.154726508098e+00 3.317378462341e+00 4.639647353515e+00 5.787770172598e+00 6.766583826783e+00 7.534545102289e+00 8.062443147834e+00 8.331155989204e+00 8.331156018292e+00 8.062443234735e+00 7.534545122702e+00 6.766583972390e+00 5.787770158031e+00 4.639647300606e+00 3.317378492674e+00 2.154726511609e+00
 1.733660566549e+00 2.651330175276e+00 3.667574678424e+00 4.543014614203e+00 5.294292206388e+00 5.885990568273e+00 6.293666995020e+00 6.501447987296e+00 6.501448039516e+00 6.293667029546e+00 5.885990652612e+00 5.294292238152e+00 4.543014664565e+00 3.667574644788e+00 2.651330044958e+00 1.733660530460e+00
 1.335457085177e+00 2.027180103020e+00 2.769240116895e+00 3.402078139318e+00 3.949773403834e+00 4.383311373980e+00 4.682943545292e+00 4.835920182410e+00 4.835920144850e+00 4.682943628768e+00 4.383311509110e+00 3.949773308237e+00 3.402078075049e+00 2.769240127473e+00 2.027180034479e+00 1.335457034996e+00
 9.827894207848e-01 1.478769673870e+00 1.989756991897e+00 2.419672599509e+00 2.796220634434e+00 3.096460320954e+00 3.304901154170e+00 3.411585821066e+00 3.411585889998e+00 3.304901204985e+00 3.096460248722e+00 2.796220494213e+00 2.419672369035e+00 1.989756761682e+00 1.478769652819e+00 9.827893991236e-01
 6.874347693184e-01 1.021893572385e+00 1.346436091676e+00 1.613928982851e+00 1.853051347257e+00 2.046071986841e+00 2.181072511941e+00 2.250446642198e+00 2.250446731224e+00 2.181072383395e+00 2.046071893931e+00 1.853051097336e+00 1.613928718378e+00 1.346435858255e+00 1.021893496677e+00 6.874347644891e-01
 4.518558776104e-01 6.571925251464e-01 8.334395242309e-01 9.733582750690e-01 1.104683439628e+00 1.213542551480e+00 1.290818292596e+00 1.330833613065e+00 1.330833674006e+00 1.290818080921e+00 1.213542503152e+00 1.104683212067e+00 9.733580648203e-01 8.334393681325e-01 6.571925376378e-01 4.518559168519e-01
 2.719518692746e-01 3.745192177749e-01 4.267208996495e-01 4.649158604032e-01 5.098279541830e-01 5.508243364220e-01 5.813802085958e-01 5.975848167120e-01 5.975848871830e-01 5.813801407146e-01 5.508242508660e-01 5.098278139132e-01 4.649157542263e-01 4.267207063997e-01 3.745192310633e-01 2.719518982050e-01
 1.404428387335e-01 1.711120110789e-01 1.703675832080e-01 1.685947680288e-01 1.702182966824e-01 1.744671741059e-01 1.790222875275e-01 1.818498642140e-01 1.818498467714e-01 1.790222693143e-01 1.744671535881e-01 1.702182401915e-01 1.685947090549e-01 1.703674966269e-01 1.711120029948e-01 1.404428801471e-01
 6.442245158063e-02 7.319920482242e-02 7.393954071952e-02 7.172546381251e-02 7.018234767954e-02 7.023075858967e-02 7.119966596941e-02 7.202444466610e-02 7.202444983331e-02 7.119966213657e-02 7.023074494981e-02 7.018234234963e-02 7.172541670802e-02 7.393955074998e-02 7.319922719017e-02 6.442245598510e-02
 2.885474245430e-02 3.254529384349e-02 3.348130441446e-02 3.328712462163e-02 3.344012437562e-02 3.433719662756e-02 3.551761196771e-02 3.631521140257e-02 3.631519699606e-02 3.551763205334e-02 3.433720575956e-02 3.344012366209e-02 3.328714135869e-02 3.348126992417e-02 3.254534996235e-02 2.885477387294e-02
 1.276438844590e-02 1.385954809876e-02 1.407190103984e-02 1.392913223213e-02 1.403442988516e-02 1.455920330543e-02 1.523779730458e-02 1.569334133330e-02 1.569335997604e-02 1.523781240106e-02 1.455924870960e-02 1.403441007901e-02 1.392914685413e-02 1.407194752445e-02 1.385954518877e-02 1.276440091241e-02
 7.565903599548e-03 7.228573415036e-03 6.535259481599e-03 5.566268763328e-03 4.535275969179e-03 3.676821060622e-03 3.139062505625e-03 2.913474108985e-03 2.913506618330e-03 3.139067545602e-03 3.676827383579e-03 4.535269415893e-03 5.566204693341e-03 6.535230719319e-03 7.228576357434e-03 7.565866679507e-03
 9.228109677731e-03 8.959081262689e-03 8.569065491479e-03 8.070285788913e-03 7.510915943580e-03 6.966192662829e-03 6.526007003974e-03 6.277560178509e-03 6.277549714164e-03 6.525984871728e-03 6.966139778128e-03 7.510857270976e-03 8.070238686498e-03 8.569004844346e-03 8.959024640150e-03 9.228068038268e-03
 1.289928710702e-02 1.309398829598e-02 1.324589876481e-02 1.334934389682e-02 1.340687061367e-02 1.342926073955e-02 1.343174102136e-02 1.342867695961e-02 1.342865655734e-02 1.343172739397e-02 1.342924728651e-02 1.340683451090e-02 1.334931167176e-02 1.324588245103e-02 1.309396255623e-02 1.289925219238e-02
 1.692569702855e-02 1.751719483162e-02 1.807168510384e-02 1.856975328836e-02 1.899262872989e-02 1.932425538317e-02 1.955230771091e-02 1.966842520367e-02 1.966843584812e-02 1.955230900619e-02 1.932423867601e-02 1.899263496844e-02 1.856974867340e-02 1.807169870826e-02 1.751720088524e-02 1.692570017246e-02
 2.096813935118e-02 2.189678747312e-02 2.277289154447e-02 2.356733644872e-02 2.424981893807e-02 2.479152667516e-02 2.516785969211e-02 2.536080806346e-02 2.536078826333e-02 2.516786368486e-02 2.479152102781e-02 2.424983241465e-02 2.356734690091e-02 2.277289092661e-02 2.189678802441e-02 2.096814178596e-02
 2.487168984562e-02 2.609474445324e-02 2.724289028160e-02 2.827964893122e-02 2.916746474949e-02 2.987054716943e-02 3.035826251498e-02 3.060809120756e-02 3.060806410104e-02 3.035825724858e-02 2.987055072842e-02 2.916743644361e-02 2.827963877120e-02 2.724285942276e-02 2.609472238736e-02 2.487166459325e-02
 2.850962491718e-02 2.999026296620e-02 3.137252397997e-02 3.261421107688e-02 3.367267664677e-02 3.450773735128e-02 3.508538262093e-02 3.538074226064e-02 3.538076215909e-02 3.508536161583e-02 3.450770629995e-02 3.367262728870e-02 3.261417786707e-02 3.137247975805e-02 2.999021885934e-02 2.850959481019e-02
 3.176277831377e-02 3.346414287173e-02 3.504541356470e-02 3.645980068571e-02 3.766080414106e-02 3.860529157047e-02 3.925703300172e-02 3.958978389525e-02 3.958980532532e-02 3.925701507531e-02 3.860525513258e-02 3.766075493221e-02 3.645976338662e-02 3.504537073386e-02 3.346410801945e-02 3.176274357649e-02
 3.451985083840e-02 3.640278281756e-02 3.814700462875e-02 3.970221712597e-02 4.101896655430e-02 4.205199898757e-02 4.276354788261e-02 4.312641589843e-02 4.312642060392e-02 4.276354037480e-02 4.205197657614e-02 4.101894362312e-02 3.970218073836e-02 3.814698922457e-02 3.640277300285e-02 3.451983967615e-02
 3.668265736812e-02 3.870499396089e-02 4.057404941622e-02 4.223685152719e-02 4.364191724910e-02 4.474236602828e-02 4.549938615136e-02 4.588517374161e-02 4.588516158854e-02 4.549939263743e-02 4.474235285552e-02 4.364191584736e-02 4.223686782908e-02 4.057405384639e-02 3.870500015804e-02 3.668267381627e-02
 3.817184480651e-02 4.028877935397e-02 4.224240681279e-02 4.397804923750e-02 4.544282446608e-02 4.658882683483e-02 4.737653742007e-02 4.777776640920e-02 4.777778042478e-02 4.737654705965e-02 4.658882663836e-02 4.544281937667e-02 4.397806511497e-02 4.224242287525e-02 4.028879903456e-02 3.817186412767e-02
 3.893169477054e-02 4.109653519556e-02 4.309295972952e-02 4.486544314299e-02 4.636035326360e-02 4.752937797793e-02 4.833261400465e-02 4.874161447629e-02 4.874164335595e-02 4.833260848232e-02 4.752936546331e-02 4.636034853672e-02 4.486542080711e-02 4.309295580856e-02 4.109653219058e-02 3.893170796878e-02
 3.893354520146e-02 4.109860248078e-02 4.309524562829e-02 4.486789541441e-02 4.636297164712e-02 4.753209213013e-02 4.833540837345e-02 4.874447564517e-02 4.874445964890e-02 4.833540577019e-02 4.753207229984e-02 4.636293755461e-02 4.486786291388e-02 4.309519515348e-02 4.109858086393e-02 3.893354156847e-02
 3.817740819984e-02 4.029504138713e-02 4.224932501940e-02 4.398553063723e-02 4.545074482277e-02 4.659712856550e-02 4.738507972178e-02 4.778642753423e-02 4.778642040052e-02 4.738506544535e-02 4.659710257328e-02 4.545070898918e-02 4.398547636260e-02 4.224926977495e-02 4.029501476101e-02 3.817738544388e-02
 3.669202880698e-02 3.871561368546e-02 4.058580138112e-02 4.224962113079e-02 4.365551081476e-02 4.475660981900e-02 4.551408104924e-02 4.590008214101e-02 4.590006867178e-02 4.551406576589e-02 4.475660279223e-02 4.365549734413e-02 4.224957807243e-02 4.058575709554e-02 3.871559187161e-02 3.669202293662e-02
 3.453316572437e-02 3.641799382258e-02 3.816397070906e-02 3.972071982168e-02 4.103878431322e-02 4.207282353914e-02 4.278508254834e-02 4.314831185145e-02 4.314831229620e-02 4.278509028918e-02 4.207284176333e-02 4.103879236608e-02 3.972071689582e-02 3.816395147592e-02 3.641799074260e-02 3.453319600925e-02
 3.178018528019e-02 3.348424393325e-02 3.506803450794e-02 3.648468215018e-02 3.768758202762e-02 3.863358818075e-02 3.928634918087e-02 3.961965080787e-02 3.961967764713e-02 3.928638113011e-02 3.863360477520e-02 3.768760718894e-02 3.648470035055e-02 3.506804164263e-02 3.348425667447e-02 3.178021459248e-02
 2.853113519639e-02 3.001547619874e-02 3.140124872437e-02 3.264613612586e-02 3.370730379738e-02 3.454454917240e-02 3.512367284983e-02 3.541983268071e-02 3.541983449689e-02 3.512370643704e-02 3.454456107694e-02 3.370733124670e-02 3.264614433196e-02 3.140124478741e-02 3.001547377532e-02 2.853113934634e-02
 2.489687094727e-02 2.612496252138e-02 2.727794414128e-02 2.831917453647e-02 2.921088624873e-02 2.991711797815e-02 3.040700996411e-02 3.065792126996e-02 3.065792444694e-02 3.040702077434e-02 2.991710686627e-02 2.921088697715e-02 2.831918602060e-02 2.727792759076e-02 2.612491574172e-02 2.489684790146e-02
 2.099561582601e-02 2.193103485764e-02 2.281393320490e-02 2.361482092301e-02 2.430304122638e-02 2.484943291910e-02 2.522905969198e-02 2.542370215499e-02 2.542368796242e-02 2.522904914138e-02 2.484941889888e-02 2.430302463008e-02 2.361480459404e-02 2.281392758861e-02 2.193101514094e-02 2.099557932334e-02
 1.695188481482e-02 1.755275796040e-02 1.811719127646e-02 1.862511905104e-02 1.905702460550e-02 1.939621313084e-02 1.962963554841e-02 1.974856675109e-02 1.974854285917e-02 1.962960575390e-02 1.939617445883e-02 1.905702256832e-02 1.862510991015e-02 1.811719872117e-02 1.755276985109e-02 1.695187462345e-02
 1.291587471111e-02 1.312436201274e-02 1.329207078977e-02 1.341212760487e-02 1.348541943135e-02 1.352114549736e-02 1.353326558299e-02 1.353522110558e-02 1.353519903637e-02 1.353323593068e-02 1.352110445267e-02 1.348540759408e-02 1.341215616370e-02 1.329213263702e-02 1.312438722983e-02 1.291590596311e-02
 9.218083042459e-03 8.971239547836e-03 8.608973060886e-03 8.140612479017e-03 7.610859229551e-03 7.091764754313e-03 6.670646481468e-03 6.432499065250e-03 6.432470648254e-03 6.670631916718e-03 7.091742300155e-03 7.610867929221e-03 8.140656077878e-03 8.609024189310e-03 8.971301564464e-03 9.218137884446e-03
 7.522601964053e-03 7.223946979352e-03 6.568483152857e-03 5.621628006854e-03 4.577714415998e-03 3.654419869598e-03 3.012065405741e-03 2.703218946871e-03 2.703212615523e-03 3.012060139646e-03 3.654400005969e-03 4.577682511774e-03 5.621620650100e-03 6.568473447139e-03 7.223950713466e-03 7.522621467468e-03
 1.276785364337e-02 1.391414637466e-02 1.414288304847e-02 1.395435831571e-02 1.394711158566e-02 1.432864924476e-02 1.488493910863e-02 1.527289712721e-02 1.527288559807e-02 1.488494012650e-02 1.432860806150e-02 1.394705589849e-02 1.395431177428e-02 1.414283652928e-02 1.391410142231e-02 1.276782948774e-02
 2.893460182865e-02 3.269979334507e-02 3.363920536767e-02 3.333307320739e-02 3.326088668413e-02 3.388669548208e-02 3.483917498911e-02 3.551093188201e-02 3.551093867838e-02 3.483916295628e-02 3.388665239102e-02 3.326084743261e-02 3.333299630096e-02 3.363916392934e-02 3.269980438997e-02 2.893458488231e-02
 6.453373568887e-02 7.348635657663e-02 7.424145752441e-02 7.181730507356e-02 6.984697667896e-02 6.937030304563e-02 6.989032360151e-02 7.046434576255e-02 7.046434128526e-02 6.989031089565e-02 6.937027464423e-02 6.984689908671e-02 7.181724461083e-02 7.424145927709e-02 7.348637502676e-02 6.453376750222e-02
 1.403795561832e-01 1.709207750954e-01 1.702384951490e-01 1.678828182695e-01 1.684355129966e-01 1.715506228604e-01 1.752175226913e-01 1.775682535245e-01 1.775682701790e-01 1.752175301763e-01 1.715505721796e-01 1.684353988549e-01 1.678827026817e-01 1.702384868661e-01 1.709209229119e-01 1.403796179902e-01
 2.714560306809e-01 3.726875090655e-01 4.229748189438e-01 4.582990127533e-01 5.001550318957e-01 5.385861658744e-01 5.673394565451e-01 5.826202222547e-01 5.826202462004e-01 5.673393806859e-01 5.385860077244e-01 5.001549181142e-01 4.582987530315e-01 4.229748052135e-01 3.726875947938e-01 2.714560172021e-01
 4.511436722955e-01 6.538874128079e-01 8.240399933974e-01 9.567358090945e-01 1.081808084282e+00 1.185755458868e+00 1.259658634446e+00 1.297959022581e+00 1.297959109598e+00 1.259658634577e+00 1.185755202784e+00 1.081807986581e+00 9.567354767478e-01 8.240398408479e-01 6.538871804365e-01 4.511435916272e-01
 6.865233695807e-01 1.016610780941e+00 1.330456155340e+00 1.585980202551e+00 1.815175001884e+00 2.000530809566e+00 2.130305250815e+00 2.197028873501e+00 2.197028996088e+00 2.130305486927e+00 2.000530678451e+00 1.815174853803e+00 1.585979864897e+00 1.330456030623e+00 1.016610669804e+00 6.865233364486e-01
 9.815782868147e-01 1.470979687546e+00 1.965932687130e+00 2.378435073196e+00 2.740798300571e+00 3.030170756045e+00 3.231228394895e+00 3.334174277471e+00 3.334174256420e+00 3.231228549403e+00 3.030170872250e+00 2.740798196324e+00 2.378434897621e+00 1.965932540284e+00 1.470979626041e+00 9.815782808131e-01
 1.333786231103e+00 2.016302520182e+00 2.736233184756e+00 3.345534358540e+00 3.874256129577e+00 4.293322804627e+00 4.583144124546e+00 4.731157677717e+00 4.731157743399e+00 4.583144129585e+00 4.293323034217e+00 3.874256118413e+00 3.345534395099e+00 2.736232982797e+00 2.016302454561e+00 1.333786210028e+00
 1.731332949139e+00 2.636821436865e+00 3.624300550954e+00 4.469650221602e+00 5.196839064762e+00 5.770216371244e+00 6.165489418983e+00 6.367000162053e+00 6.367000342205e+00 6.165489415755e+00 5.770216453034e+00 5.196838977785e+00 4.469650225598e+00 3.624300494270e+00 2.636821466163e+00 1.731332935513e+00
 2.151532189866e+00 3.298856443866e+00 4.585626037311e+00 5.697127604653e+00 6.646762988696e+00 7.392572984458e+00 7.905487997351e+00 8.166630024733e+00 8.166629953243e+00 7.905487887007e+00 7.392572989401e+00 6.646763037656e+00 5.697127508717e+00 4.585625983954e+00 3.298856387398e+00 2.151532139534e+00
 2.561005830901e+00 3.950332846127e+00 5.546151616542e+00 6.934494656943e+00 8.114088645940e+00 9.037590589240e+00 9.671529982937e+00 9.993966279282e+00 9.993966170884e+00 9.671529924371e+00 9.037590597844e+00 8.114088651016e+00 6.934494598531e+00 5.546151493530e+00 3.950332784376e+00 2.561005785563e+00
 2.918059784365e+00 4.523663795762e+00 6.404923237473e+00 8.050849048403e+00 9.443064178600e+00 1.053033531335e+01 1.127563361755e+01 1.165442608841e+01 1.165442611255e+01 1.127563372555e+01 1.053033531846e+01 9.443063937452e+00 8.050849088009e+00 6.404923159084e+00 4.523663748544e+00 2.918059746719e+00
 3.177364294613e+00 4.942486662786e+00 7.042864926489e+00 8.888541075868e+00 1.044459902620e+01 1.165769819756e+01 1.248845655429e+01 1.291048337879e+01 1.291048329390e+01 1.248845671941e+01 1.165769817543e+01 1.044459907906e+01 8.888541005835e+00 7.042864843540e+00 4.942486677976e+00 3.177364300193e+00
 3.296576480466e+00 5.131972081316e+00 7.337785052750e+00 9.282648524480e+00 1.091966224249e+01 1.219493392036e+01 1.306801853917e+01 1.351150884735e+01 1.351150869839e+01 1.306801874827e+01 1.219493380578e+01 1.091966247466e+01 9.282648389800e+00 7.337785085083e+00 5.131972137518e+00 3.296576477889e+00
 3.244042908461e+00 5.031463349889e+00 7.184080442519e+00 9.087563661716e+00 1.069182064994e+01 1.194290032862e+01 1.280016066357e+01 1.323585696842e+01 1.323585702353e+01 1.280016074344e+01 1.194290034012e+01 1.069182059767e+01 9.087563644573e+00 7.184080429747e+00 5.031463271697e+00 3.244042871621e+00
 3.006369740994e+00 4.607202299150e+00 6.513696562802e+00 8.206646699487e+00 9.644420210510e+00 1.077103219772e+01 1.154537476981e+01 1.193961171426e+01 1.193961189309e+01 1.154537465239e+01 1.077103222223e+01 9.644420064943e+00 8.206646738489e+00 6.513696442562e+00 4.607202094349e+00 3.006369686256e+00
 2.594738954315e+00 3.861848667861e+00 5.312716456621e+00 6.619013091928e+00 7.755895759336e+00 8.658667142749e+00 9.283861233294e+00 9.603417641287e+00 9.603417556948e+00 9.283861310210e+00 8.658667060397e+00 7.755895640854e+00 6.619012954865e+00 5.312716485038e+00 3.861848564298e+00 2.594738886865e+00
 2.050350678108e+00 2.835692436858e+00 3.624660223133e+00 4.397525811833e+00 5.126594152983e+00 5.726517541232e+00 6.149351303491e+00 6.367303206412e+00 6.367303013883e+00 6.149351441095e+00 5.726517451011e+00 5.126594077459e+00 4.397525657134e+00 3.624660279263e+00 2.835692585738e+00 2.050350693017e+00
 1.459952445800e+00 1.781183000804e+00 1.966848321298e+00 2.245211284581e+00 2.584219271976e+00 2.889677867236e+00 3.113760344482e+00 3.231357504987e+00 3.231357499696e+00 3.113760319755e+00 2.889677834982e+00 2.584219298985e+00 2.245211291095e+00 1.966848303493e+00 1.781183132924e+00 1.459952518469e+00
 9.981096884494e-01 1.090257214447e+00 1.089828668737e+00 1.181343314783e+00 1.322672294602e+00 1.465107207584e+00 1.575447200604e+00 1.634833690554e+00 1.634833750797e+00 1.575447196433e+00 1.465107232385e+00 1.322672325191e+00 1.181343365431e+00 1.089828717707e+00 1.090257281563e+00 9.981097478230e-01

