3.757687935050e-01 4.135096149653e-01 4.170701065741e-01 4.676968198923e-01 5.414372885395e-01 6.135706212971e-01 6.685569218311e-01 6.979201724708e-01 6.979201816418e-01 6.685569333355e-01 6.135705825758e-01 5.414373093356e-01 4.676968579238e-01 4.170701397055e-01 4.135096335566e-01 3.757687765686e-01
 5.610440543846e-01 6.961945527825e-01 7.841135371951e-01 9.244971032304e-01 1.090245342659e+00 1.237648235857e+00 1.345093155319e+00 1.401310085658e+00 1.401310021781e+00 1.345093132596e+00 1.237648225707e+00 1.090245436429e+00 9.244971773802e-01 7.841136373845e-01 6.961945432328e-01 5.610440393818e-01
 8.005168990619e-01 1.136575399317e+00 1.491145279638e+00 1.847971119181e+00 2.183715839931e+00 2.459418324883e+00 2.653460028432e+00 2.753392168988e+00 2.753392141910e+00 2.653460063207e+00 2.459418314041e+00 2.183715860310e+00 1.847971267866e+00 1.491145357302e+00 1.136575306420e+00 8.005168546991e-01
 1.019378159430e+00 1.561682890172e+00 2.200484468991e+00 2.781888028113e+00 3.288441478491e+00 3.690473641927e+00 3.968619250558e+00 4.110669773421e+00 4.110669764370e+00 3.968619264685e+00 3.690473651777e+00 3.288441506436e+00 2.781888133334e+00 2.200484448272e+00 1.561682727924e+00 1.019378093973e+00
 1.179596877175e+00 1.859177573834e+00 2.683909082178e+00 3.419345618217e+00 4.044470817693e+00 4.533852847228e+00 4.869718701945e+00 5.040508309204e+00 5.040508229203e+00 4.869718602349e+00 4.533852898194e+00 4.044470924998e+00 3.419345698487e+00 2.683909112243e+00 1.859177561822e+00 1.179596881210e+00
 1.264046865008e+00 2.013116149751e+00 2.926926576790e+00 3.735132194169e+00 4.416294266838e+00 4.946550653873e+00 5.309084796433e+00 5.493022358331e+00 5.493022329019e+00 5.309084737154e+00 4.946550754108e+00 4.416294259346e+00 3.735132306639e+00 2.926926626302e+00 2.013116222926e+00 1.264046879464e+00
 1.269846254565e+00 2.026457843834e+00 2.943547334396e+00 3.749748253553e+00 4.427586366989e+00 4.954126168751e+00 5.313485567072e+00 5.495600745667e+00 5.495600808915e+00 5.313485522720e+00 4.954126274094e+00 4.427586363380e+00 3.749748324117e+00 2.943547369865e+00 2.026457947512e+00 1.269846272091e+00
 1.205374567032e+00 1.919039500400e+00 2.772553726687e+00 3.518129564123e+00 4.145145001634e+00 4.631927761515e+00 4.963891446244e+00 5.132018791568e+00 5.132018759930e+00 4.963891515475e+00 4.631927794010e+00 4.145145121423e+00 3.518129656353e+00 2.772553648184e+00 1.919039565968e+00 1.205374582536e+00
 1.086747320008e+00 1.721903299164e+00 2.467774523959e+00 3.114487999230e+00 3.659190712049e+00 4.082132676799e+00 4.370459212247e+00 4.516431122613e+00 4.516430991896e+00 4.370459402385e+00 4.082132699875e+00 3.659190767729e+00 3.114488116480e+00 2.467774400578e+00 1.721903384308e+00 1.086747378463e+00
 9.338489682273e-01 1.470553198342e+00 2.087082037258e+00 2.616870644250e+00 3.064079183005e+00 3.411489274473e+00 3.648286105705e+00 3.768135854569e+00 3.768135837722e+00 3.648286195249e+00 3.411489453522e+00 3.064079172912e+00 2.616870702303e+00 2.087082004210e+00 1.470553250611e+00 9.338489884031e-01
 7.665853127612e-01 1.198825655883e+00 1.682995207093e+00 2.094576670941e+00 2.442931288643e+00 2.713736874305e+00 2.898309229448e+00 2.991704639642e+00 2.991704728294e+00 2.898309168185e+00 2.713737008420e+00 2.442931338312e+00 2.094576596924e+00 1.682995154393e+00 1.198825553588e+00 7.665852863856e-01
 6.019594383125e-01 9.344293082534e-01 1.296445630350e+00 1.600234934654e+00 1.858179385573e+00 2.058905371562e+00 2.195731870757e+00 2.264958942283e+00 2.264958987386e+00 2.195731995343e+00 2.058905237433e+00 1.858179434536e+00 1.600234783864e+00 1.296445525064e+00 9.344291527259e-01 6.019593928648e-01
 4.523192775302e-01 6.965943608281e-01 9.541239772489e-01 1.166885173696e+00 1.348310140640e+00 1.489742057671e+00 1.586214510729e+00 1.635034316132e+00 1.635034085011e+00 1.586214767937e+00 1.489741927333e+00 1.348310191284e+00 1.166885011852e+00 9.541238343137e-01 6.965943054628e-01 4.523192372239e-01
 3.248281843352e-01 4.957322820010e-01 6.689253698958e-01 8.092075550484e-01 9.296588234621e-01 1.023906320240e+00 1.088323200851e+00 1.120953931145e+00 1.120953678063e+00 1.088323358559e+00 1.023906246046e+00 9.296588508314e-01 8.092075012109e-01 6.689253050493e-01 4.957323567159e-01 3.248281782464e-01
 2.219612746192e-01 3.346187687708e-01 4.424378080452e-01 5.273221741637e-01 6.012574575440e-01 6.596084369324e-01 6.996973695493e-01 7.200613397937e-01 7.200613612218e-01 6.996975000086e-01 6.596084623371e-01 6.012575349125e-01 5.273221822277e-01 4.424377873176e-01 3.346188260314e-01 2.219612787609e-01
 1.426883961352e-01 2.104395336318e-01 2.681850745112e-01 3.113852781897e-01 3.505328545339e-01 3.821292022253e-01 4.041194011269e-01 4.153661777604e-01 4.153662597178e-01 4.041194173006e-01 3.821293405358e-01 3.505329138106e-01 3.113853158220e-01 2.681850437666e-01 2.104395170374e-01 1.426883918299e-01
 8.399601710426e-02 1.171019883948e-01 1.345358033774e-01 1.458807660180e-01 1.582618054354e-01 1.691195585657e-01 1.770084826068e-01 1.811302009898e-01 1.811302766722e-01 1.770084379430e-01 1.691197043201e-01 1.582618244795e-01 1.458808094560e-01 1.345357894049e-01 1.171019269991e-01 8.399597383301e-02
 4.249367129167e-02 5.217038215483e-02 5.251467743624e-02 5.177468398264e-02 5.130522346886e-02 5.130180151289e-02 5.152887635330e-02 5.171987977717e-02 5.171994676351e-02 5.152886855447e-02 5.130187347425e-02 5.130523019748e-02 5.177461390122e-02 5.251465216614e-02 5.217033462842e-02 4.249363998651e-02
 1.964470119286e-02 2.223147670565e-02 2.264474232530e-02 2.189785100524e-02 2.093089815015e-02 2.017549434305e-02 1.973447894378e-02 1.954960018116e-02 1.954959376347e-02 1.973446816086e-02 2.017547750269e-02 2.093090628228e-02 2.189783964135e-02 2.264471684396e-02 2.223146959583e-02 1.964469635751e-02
 1.063425247467e-02 1.158194547069e-02 1.197954837739e-02 1.193776584715e-02 1.169993659832e-02 1.144860012900e-02 1.127021359563e-02 1.118362039070e-02 1.118360991173e-02 1.127020451733e-02 1.144860700205e-02 1.169993528380e-02 1.193777732596e-02 1.197955388896e-02 1.158194589929e-02 1.063421909485e-02
 8.234716229003e-03 8.711301492757e-03 9.062799316277e-03 9.219791199489e-03 9.188151356844e-03 9.032626664999e-03 8.847168729363e-03 8.724805643772e-03 8.724809522562e-03 8.847160426736e-03 9.032656626709e-03 9.188156036972e-03 9.219781817032e-03 9.062818177203e-03 8.711295666721e-03 8.234688008273e-03
 7.874923556189e-03 8.321964042333e-03 8.690420674166e-03 8.920868152576e-03 8.992294470549e-03 8.936572771900e-03 8.826022304037e-03 8.743151549286e-03 8.743140363764e-03 8.826028774109e-03 8.936562449011e-03 8.992279805996e-03 8.920878055181e-03 8.690396749071e-03 8.321943529704e-03 7.874885660249e-03
 7.800787703352e-03 8.283057042100e-03 8.693796340216e-03 8.994668144654e-03 9.170312439897e-03 9.237607592153e-03 9.238995701916e-03 9.223392625599e-03 9.223390910758e-03 9.238978738219e-03 9.237605431446e-03 9.170271702794e-03 8.994648624029e-03 8.693762873791e-03 8.283048499995e-03 7.800751240426e-03
 7.696362040892e-03 8.204818806999e-03 8.653209683506e-03 9.014889547632e-03 9.276716186549e-03 9.443600108191e-03 9.534396613379e-03 9.572124287038e-03 9.572127497988e-03 9.534369280641e-03 9.443586261568e-03 9.276710486630e-03 9.014863095758e-03 8.653206198522e-03 8.204773194393e-03 7.696349653502e-03
 7.521462188954e-03 8.037089684903e-03 8.504364149723e-03 8.902241048618e-03 9.216971005802e-03 9.444872843121e-03 9.589985956565e-03 9.659862051481e-03 9.659812639494e-03 9.590026144646e-03 9.444840838878e-03 9.217006515630e-03 8.902207966756e-03 8.504394086313e-03 8.037077915804e-03 7.521426492407e-03
 7.249330592851e-03 7.750200666584e-03 8.211973596213e-03 8.616373488064e-03 8.949320636743e-03 9.202052194878e-03 9.370839067350e-03 9.455044556303e-03 9.455045149676e-03 9.370828335314e-03 9.202081098378e-03 8.949317778609e-03 8.616407018373e-03 8.211956495401e-03 7.750199783387e-03 7.249333857573e-03
 6.849050572424e-03 7.312092944356e-03 7.742908333976e-03 8.125487968307e-03 8.446350492636e-03 8.694759179058e-03 8.863885574678e-03 8.949231819090e-03 8.949324762566e-03 8.863790750597e-03 8.694840834098e-03 8.446290535774e-03 8.125546651545e-03 7.742874913263e-03 7.312100489281e-03 6.849023555060e-03
 6.299154012492e-03 6.701646992579e-03 7.077202074468e-03 7.412825688987e-03 7.696335511863e-03 7.917904733461e-03 8.069681680373e-03 8.146929818248e-03 8.146830137907e-03 8.069766587176e-03 7.917811791635e-03 7.696386797552e-03 7.412751152752e-03 7.077228497438e-03 6.701593047323e-03 6.299156842255e-03
 5.597803798273e-03 5.917581950579e-03 6.215303570096e-03 6.481271417947e-03 6.706209751283e-03 6.882344861389e-03 7.003284571029e-03 7.064887570595e-03 7.064848651153e-03 7.003300307507e-03 6.882281800804e-03 6.706220622168e-03 6.481209107663e-03 6.215294312502e-03 5.917541250213e-03 5.597778079685e-03
 4.768731913645e-03 4.984156955554e-03 5.181934819477e-03 5.356341785377e-03 5.502576206072e-03 5.616131672371e-03 5.693900668492e-03 5.733220438275e-03 5.733325164246e-03 5.693769252489e-03 5.616196786382e-03 5.502474952194e-03 5.356361140644e-03 5.181862962725e-03 4.984173841316e-03 4.768698076935e-03
 3.871608484655e-03 3.961043299845e-03 4.034626969196e-03 4.092669146581e-03 4.136089250254e-03 4.166517634967e-03 4.185502035083e-03 4.194679192908e-03 4.194581883586e-03 4.185555030299e-03 4.166469689747e-03 4.136103228653e-03 4.092614483387e-03 4.034627611351e-03 3.961010013473e-03 3.871622102040e-03
 3.030099421599e-03 2.975398501529e-03 2.898170404683e-03 2.805170952649e-03 2.706403926885e-03 2.614360285042e-03 2.542766502574e-03 2.503329353865e-03 2.503384047386e-03 2.542717505479e-03 2.614408760541e-03 2.706370956275e-03 2.805183199923e-03 2.898155561558e-03 2.975406594272e-03 3.030107336527e-03
 2.488494746375e-03 2.313688159526e-03 2.093545500987e-03 1.832161476668e-03 1.538402665326e-03 1.229157753605e-03 9.383047700531e-04 7.389749981592e-04 7.389504349508e-04 9.383262074107e-04 1.229163258318e-03 1.538435068208e-03 1.832166213963e-03 2.093541291452e-03 2.313660366583e-03 2.488501403291e-03
 2.547670162838e-03 2.394152503857e-03 2.201261112022e-03 1.975173255507e-03 1.727981664470e-03 1.480590440535e-03 1.267444823076e-03 1.138054941757e-03 1.138111564023e-03 1.267401605907e-03 1.480619944918e-03 1.727981620677e-03 1.975181208999e-03 2.201249117826e-03 2.394140348557e-03 2.547641078891e-03
 3.167899873705e-03 3.153009555960e-03 3.119372846080e-03 3.072137675450e-03 3.018362409118e-03 2.966775813305e-03 2.926024616929e-03 2.903604414866e-03 2.903553974087e-03 2.926069186654e-03 2.966749428755e-03 3.018395654419e-03 3.072117583416e-03 3.119391874576e-03 3.152972799522e-03 3.167884956179e-03
 4.035551369044e-03 4.165266112563e-03 4.279674361165e-03 4.376922656447e-03 4.455787359146e-03 4.515305045168e-03 4.555223581191e-03 4.575151289071e-03 4.575177331894e-03 4.555192369498e-03 4.515354261851e-03 4.455761238182e-03 4.376953686339e-03 4.279652635403e-03 4.165284215954e-03 4.035532345235e-03
 4.930231867083e-03 5.183039027633e-03 5.417341620138e-03 5.626110462686e-03 5.802352248959e-03 5.940391026329e-03 6.035097817463e-03 6.083432201637e-03 6.083351132583e-03 6.035183110718e-03 5.940310067486e-03 5.802434575755e-03 5.626044673800e-03 5.417389167538e-03 5.183019081321e-03 4.930238702185e-03
 5.741700210454e-03 6.094931934839e-03 6.425202056659e-03 6.721194938392e-03 6.972506261535e-03 7.169696514599e-03 7.305526778779e-03 7.374673680175e-03 7.374742526043e-03 7.305455872661e-03 7.169746061504e-03 6.972461828452e-03 6.721243926864e-03 6.425163575241e-03 6.094953193602e-03 5.741712090786e-03
 6.416151581090e-03 6.847572830017e-03 7.251224635621e-03 7.612701867346e-03 7.918979284524e-03 8.158647164231e-03 8.323388334947e-03 8.407079928255e-03 8.407144779156e-03 8.323317078107e-03 8.158727598220e-03 7.918906741091e-03 7.612751070089e-03 7.251200286439e-03 6.847592759546e-03 6.416144495783e-03
 6.933057908912e-03 7.419852992143e-03 7.873539449982e-03 8.277503484773e-03 8.616915153087e-03 8.880635614387e-03 9.060265776991e-03 9.151361891460e-03 9.151253394127e-03 9.060385109145e-03 8.880543554720e-03 8.616998952395e-03 8.277431009855e-03 7.873583867257e-03 7.419828748048e-03 6.933072963721e-03
 7.296896287200e-03 7.815285557665e-03 8.293979790352e-03 8.714233017639e-03 9.061287876560e-03 9.325634943107e-03 9.502711760700e-03 9.591290563457e-03 9.591289237547e-03 9.502739073850e-03 9.325617225383e-03 9.061302529050e-03 8.714229491648e-03 8.293982419185e-03 7.815280199387e-03 7.296894681293e-03
 7.531405583428e-03 8.057203024796e-03 8.534376532422e-03 8.941611804252e-03 9.265131962884e-03 9.500490252791e-03 9.651333176249e-03 9.724123293267e-03 9.724181221611e-03 9.651276239336e-03 9.500557690657e-03 9.265104062265e-03 8.941631954315e-03 8.534351731457e-03 8.057204068434e-03 7.531388305892e-03
 7.669455708082e-03 8.179409548106e-03 8.629216020155e-03 8.992811412312e-03 9.257397100210e-03 9.427521089419e-03 9.521173359166e-03 9.560762597238e-03 9.560776265023e-03 9.521195597821e-03 9.427529159989e-03 9.257392934214e-03 8.992828160458e-03 8.629201080937e-03 8.179385686783e-03 7.669447781773e-03
 7.738589252656e-03 8.211422418086e-03 8.613226494096e-03 8.907970766925e-03 9.080943829150e-03 9.148770227898e-03 9.152415865708e-03 9.138556173355e-03 9.138550669794e-03 9.152458548662e-03 9.148755571982e-03 9.080950439899e-03 8.907959804897e-03 8.613215696947e-03 8.211404948801e-03 7.738576464527e-03
 7.778516144447e-03 8.199597210358e-03 8.545632410130e-03 8.762614185100e-03 8.832054430013e-03 8.784017116606e-03 8.685209650962e-03 8.610886977782e-03 8.610886719170e-03 8.685213702479e-03 8.784025039196e-03 8.832057204553e-03 8.762607559079e-03 8.545606738418e-03 8.199592347404e-03 7.778513125331e-03
 8.111138194762e-03 8.532891013632e-03 8.840679436968e-03 8.983698717955e-03 8.975440009346e-03 8.873049873460e-03 8.748541864416e-03 8.667021295133e-03 8.667042446638e-03 8.748547235095e-03 8.873056266115e-03 8.975439847323e-03 8.983701503378e-03 8.840702172565e-03 8.532886993777e-03 8.111150984938e-03
 1.053571199058e-02 1.138427937870e-02 1.170731717092e-02 1.167139559717e-02 1.154111582114e-02 1.147227921893e-02 1.148225615900e-02 1.151347663929e-02 1.151348130855e-02 1.148226900902e-02 1.147229594918e-02 1.154112710734e-02 1.167141122236e-02 1.170733052343e-02 1.138430615420e-02 1.053571246427e-02
 1.967442642270e-02 2.208601187693e-02 2.238570442010e-02 2.169674990108e-02 2.098730773029e-02 2.062237348194e-02 2.056123017523e-02 2.060588483870e-02 2.060590721285e-02 2.056125938705e-02 2.062237890927e-02 2.098730478466e-02 2.169677277525e-02 2.238570351823e-02 2.208599558442e-02 1.967442673105e-02
 4.281487945710e-02 5.255319825463e-02 5.275203951932e-02 5.235778995773e-02 5.261752963126e-02 5.344451874272e-02 5.436124987904e-02 5.493730820446e-02 5.493733975049e-02 5.436133635225e-02 5.344458752853e-02 5.261748377559e-02 5.235778041439e-02 5.275199898947e-02 5.255320274558e-02 4.281490895863e-02
 8.476875483731e-02 1.188616558100e-01 1.376978144739e-01 1.511227734106e-01 1.657245259644e-01 1.784799411210e-01 1.877262210058e-01 1.925521916113e-01 1.925522091284e-01 1.877262319401e-01 1.784801172262e-01 1.657244056352e-01 1.511227850360e-01 1.376978286131e-01 1.188616813193e-01 8.476876908963e-02
 1.437393518022e-01 2.135050519256e-01 2.758559674033e-01 3.244638204571e-01 3.683503200684e-01 4.037250885704e-01 4.283426389209e-01 4.409367114612e-01 4.409368186821e-01 4.283425725043e-01 4.037252054240e-01 3.683502678932e-01 3.244638810872e-01 2.758559844548e-01 2.135050147170e-01 1.437393192314e-01
 2.232555811854e-01 3.393988899902e-01 4.555951919526e-01 5.498157580027e-01 6.315900097889e-01 6.960724842033e-01 7.403866728260e-01 7.629084509321e-01 7.629084980710e-01 7.403867243856e-01 6.960726108989e-01 6.315900022309e-01 5.498156486248e-01 4.555952311411e-01 3.393988107048e-01 2.232555508519e-01
 3.264500101414e-01 5.027798397855e-01 6.890560354772e-01 8.435319530388e-01 9.756779407024e-01 1.078986717250e+00 1.149615572789e+00 1.185410367017e+00 1.185410269365e+00 1.149615812262e+00 1.078986692066e+00 9.756779312117e-01 8.435319174918e-01 6.890560285603e-01 5.027796573853e-01 3.264499452981e-01
 4.544455069690e-01 7.066160129013e-01 9.829851806024e-01 1.215794109484e+00 1.413553329752e+00 1.567567319043e+00 1.672636103197e+00 1.725826046504e+00 1.725825884630e+00 1.672636380147e+00 1.567567214064e+00 1.413553369698e+00 1.215794033718e+00 9.829848462933e-01 7.066158345599e-01 4.544455180978e-01
 6.048364865691e-01 9.481871555137e-01 1.335729972059e+00 1.666251926333e+00 1.945812240489e+00 2.163123147190e+00 2.311253235244e+00 2.386218456094e+00 2.386218388094e+00 2.311253346444e+00 2.163123154169e+00 1.945812169819e+00 1.666251764842e+00 1.335729864114e+00 9.481871587820e-01 6.048364757436e-01
 7.704883787409e-01 1.216977165901e+00 1.733906194325e+00 2.179320608020e+00 2.554885609417e+00 2.846511407254e+00 3.045248708003e+00 3.145827328427e+00 3.145827448142e+00 3.045248657033e+00 2.846511471582e+00 2.554885559990e+00 2.179320501409e+00 1.733906113199e+00 1.216977032930e+00 7.704883298163e-01
 9.390251790980e-01 1.493451840502e+00 2.149862049192e+00 2.720343305705e+00 3.200158060234e+00 3.572470113825e+00 3.826188613905e+00 3.954612574364e+00 3.954612562778e+00 3.826188554323e+00 3.572470261402e+00 3.200157990757e+00 2.720343309854e+00 2.149862068338e+00 1.493451681919e+00 9.390251217672e-01
 1.093349850480e+00 1.749395802066e+00 2.541271967725e+00 3.234452673774e+00 3.816305158219e+00 4.267586818582e+00 4.575155448639e+00 4.730872159284e+00 4.730872014241e+00 4.575155507396e+00 4.267586898109e+00 3.816305138843e+00 3.234452843461e+00 2.541271933290e+00 1.749395717910e+00 1.093349834954e+00
 1.213398815246e+00 1.950304267252e+00 2.853933974683e+00 3.649738771248e+00 4.316879420541e+00 4.834257518391e+00 5.186984849074e+00 5.365624703908e+00 5.365624644296e+00 5.186984924608e+00 4.834257522124e+00 4.316879343680e+00 3.649738959112e+00 2.853933955873e+00 1.950304214178e+00 1.213398802418e+00
 1.279079640933e+00 2.059931459483e+00 3.028254221201e+00 3.885569822692e+00 4.604275192166e+00 5.161983558814e+00 5.542493717003e+00 5.735315961163e+00 5.735316034304e+00 5.542493726927e+00 5.161983599708e+00 4.604275194397e+00 3.885569863893e+00 3.028254219234e+00 2.059931460662e+00 1.279079634849e+00
 1.274042784052e+00 2.046548021398e+00 3.008970419782e+00 3.865677000102e+00 4.585736715611e+00 5.145692945856e+00 5.528388921109e+00 5.722533687581e+00 5.722533617880e+00 5.528388942506e+00 5.145692970021e+00 4.585736748723e+00 3.865676993444e+00 3.008970398953e+00 2.046548052460e+00 1.274042786272e+00
 1.189679301293e+00 1.889835459592e+00 2.756508408146e+00 3.534124625977e+00 4.193315947629e+00 4.708777395500e+00 5.062365650177e+00 5.242130454456e+00 5.242130261444e+00 5.062365593145e+00 4.708777368239e+00 4.193315928983e+00 3.534124812211e+00 2.756508313401e+00 1.889835456508e+00 1.189679280424e+00
 1.028674498395e+00 1.586714617882e+00 2.257030417642e+00 2.870940438726e+00 3.404184421772e+00 3.826763287266e+00 4.118896491458e+00 4.268033679557e+00 4.268033670226e+00 4.118896376698e+00 3.826763327940e+00 3.404184282443e+00 2.870940597512e+00 2.257030419036e+00 1.586714618934e+00 1.028674484587e+00
 8.080061254413e-01 1.153551703324e+00 1.526433367452e+00 1.903721165396e+00 2.257178085102e+00 2.546646045706e+00 2.750064244064e+00 2.854742790439e+00 2.854742813133e+00 2.750064137744e+00 2.546645985436e+00 2.257178025037e+00 1.903721247937e+00 1.526433455941e+00 1.153551736598e+00 8.080061204823e-01
 5.664055397512e-01 7.051204940649e-01 7.994673400737e-01 9.497943179455e-01 1.125060900624e+00 1.279907668790e+00 1.392394291559e+00 1.451151933034e+00 1.451151885087e+00 1.392394253694e+00 1.279907558857e+00 1.125060937287e+00 9.497943586027e-01 7.994673511427e-01 7.051204950084e-01 5.664055319080e-01
 3.798981062854e-01 4.183300137001e-01 4.237244354894e-01 4.791588359871e-01 5.576265586144e-01 6.335175788810e-01 6.910616161444e-01 7.217161514808e-01 7.217161325200e-01 6.910616057876e-01 6.335175615897e-01 5.576265272755e-01 4.791588171808e-01 4.237244323551e-01 4.183300125578e-01 3.798981069689e-01

