4.919550845469e-01 5.371067341929e-01 6.518548303481e-01 7.856037226398e-01 9.048405221637e-01 9.918308652574e-01 1.037348161117e+00 1.037348177712e+00 9.918307854166e-01 9.048403918536e-01 7.856037013992e-01 6.518548071536e-01 5.371067142978e-01 4.919550401458e-01
 8.556580745571e-01 1.061237393614e+00 1.318223902810e+00 1.574369978161e+00 1.788240611044e+00 1.939569920595e+00 2.017620900317e+00 2.017620800042e+00 1.939569707835e+00 1.788240413980e+00 1.574370079211e+00 1.318223909493e+00 1.061237407857e+00 8.556581339829e-01
 1.249317230082e+00 1.734615702675e+00 2.190143361788e+00 2.594205182413e+00 2.916901026698e+00 3.140519141544e+00 3.254722337462e+00 3.254722100435e+00 3.140519090190e+00 2.916900821077e+00 2.594205275973e+00 2.190143358419e+00 1.734615861150e+00 1.249317511132e+00
 1.540549673884e+00 2.209047460205e+00 2.809575026402e+00 3.322447126845e+00 3.724018769795e+00 3.999197401815e+00 4.138906286261e+00 4.138906060785e+00 3.999197701860e+00 3.724018532907e+00 3.322447262983e+00 2.809574978152e+00 2.209047482843e+00 1.540549862120e+00
 1.708863677331e+00 2.473953695979e+00 3.150898021176e+00 3.720980333746e+00 4.163362148386e+00 4.464720827484e+00 4.617197648233e+00 4.617197553456e+00 4.464721018730e+00 4.163362086268e+00 3.720980586916e+00 3.150897997807e+00 2.473953367046e+00 1.708863551112e+00
 1.751620387957e+00 2.535830881048e+00 3.223015555455e+00 3.798524176223e+00 4.243206242755e+00 4.545147201570e+00 4.697603079407e+00 4.697603292366e+00 4.545147028385e+00 4.243206687595e+00 3.798524066161e+00 3.223015427778e+00 2.535830672103e+00 1.751620219291e+00
 1.681421475320e+00 2.421339978916e+00 3.063778562320e+00 3.600726324963e+00 4.014683185802e+00 4.295193179068e+00 4.436629581660e+00 4.436630152933e+00 4.295192861705e+00 4.014683601506e+00 3.600725934056e+00 3.063778533407e+00 2.421340002145e+00 1.681421305310e+00
 1.521933652090e+00 2.172046724616e+00 2.730509863530e+00 3.197128033986e+00 3.556377950530e+00 3.799445706497e+00 3.921863489438e+00 3.921863706187e+00 3.799445442162e+00 3.556377984658e+00 3.197127939048e+00 2.730509857928e+00 2.172046881011e+00 1.521933577757e+00
 1.302815400926e+00 1.836716136157e+00 2.289070375413e+00 2.667309239109e+00 2.958233955829e+00 3.154797557085e+00 3.253684280902e+00 3.253684118666e+00 3.154797510423e+00 2.958233657036e+00 2.667309378205e+00 2.289070450664e+00 1.836716251790e+00 1.302815510156e+00
 1.054766702749e+00 1.463837293610e+00 1.803853598232e+00 2.088622840961e+00 2.307487208999e+00 2.455149310278e+00 2.529344531406e+00 2.529344490106e+00 2.455149230432e+00 2.307487146306e+00 2.088622709916e+00 1.803853768913e+00 1.463837478353e+00 1.054766792311e+00
 8.054717143903e-01 1.095743067782e+00 1.330192357404e+00 1.527076709474e+00 1.678316974890e+00 1.780198770854e+00 1.831321308710e+00 1.831321367708e+00 1.780198552012e+00 1.678317172852e+00 1.527076640759e+00 1.330192383844e+00 1.095743239985e+00 8.054717175559e-01
 5.768435137800e-01 7.648618062227e-01 9.097263686955e-01 1.031895753387e+00 1.125744058566e+00 1.188870970117e+00 1.220501608437e+00 1.220501653319e+00 1.188871099529e+00 1.125743868042e+00 1.031895915837e+00 9.097263313266e-01 7.648617519707e-01 5.768433978089e-01
 3.836441747049e-01 4.920604227713e-01 5.685531397706e-01 6.334727076635e-01 6.834006037519e-01 7.169530201448e-01 7.337441385328e-01 7.337440393619e-01 7.169530368028e-01 6.834006143744e-01 6.334727131568e-01 5.685531162371e-01 4.920602542400e-01 3.836439958638e-01
 2.333161345014e-01 2.866782231429e-01 3.175622868386e-01 3.439583613930e-01 3.643102106114e-01 3.779904874030e-01 3.848331185552e-01 3.848332172326e-01 3.779902444519e-01 3.643103935070e-01 3.439581864911e-01 3.175623506908e-01 2.866781769325e-01 2.333160278453e-01
 1.267413880498e-01 1.476751291004e-01 1.541915956768e-01 1.596491888982e-01 1.638008050164e-01 1.665639816284e-01 1.679362855908e-01 1.679362840899e-01 1.665639246120e-01 1.638007496236e-01 1.596492463079e-01 1.541915523625e-01 1.476751778438e-01 1.267413077201e-01
 5.961853579050e-02 6.543084327853e-02 6.512062936906e-02 6.465706032019e-02 6.419192688907e-02 6.380676009679e-02 6.358078396174e-02 6.358067461296e-02 6.380674358173e-02 6.419194595889e-02 6.465714824003e-02 6.512058337420e-02 6.543091244526e-02 5.961864302940e-02
 2.791877879178e-02 3.207916921502e-02 3.553972411979e-02 3.828589775438e-02 4.024891458224e-02 4.143637494211e-02 4.197184182601e-02 4.197186150974e-02 4.143635868290e-02 4.024892011365e-02 3.828594293064e-02 3.553971837597e-02 3.207926772587e-02 2.791895938724e-02
 2.259019015874e-02 2.611837798141e-02 2.956745580969e-02 3.237055605073e-02 3.427945070615e-02 3.535064323486e-02 3.579787705350e-02 3.579787875636e-02 3.535066747899e-02 3.427943548342e-02 3.237057348336e-02 2.956745705219e-02 2.611838242140e-02 2.259019334742e-02
 2.164928400041e-02 2.423881498315e-02 2.654938104444e-02 2.829673366041e-02 2.936619738970e-02 2.986434668625e-02 3.002170014113e-02 3.002173756305e-02 2.986434614951e-02 2.936621581048e-02 2.829673962483e-02 2.654933207867e-02 2.423880204434e-02 2.164928329537e-02
 1.936151709828e-02 2.121386307823e-02 2.269467474064e-02 2.368616827099e-02 2.418183273008e-02 2.431692275899e-02 2.430392775549e-02 2.430398054459e-02 2.431688758481e-02 2.418188958242e-02 2.368617212135e-02 2.269467046741e-02 2.121379359877e-02 1.936150457144e-02
 1.643188676494e-02 1.766414026884e-02 1.856292909473e-02 1.907632557019e-02 1.924057984483e-02 1.918751622248e-02 1.909599184438e-02 1.909596885425e-02 1.918758451694e-02 1.924057167918e-02 1.907630863361e-02 1.856294521108e-02 1.766415096283e-02 1.643183675668e-02
 1.373761753325e-02 1.442733547392e-02 1.487262091630e-02 1.504827243645e-02 1.499911613751e-02 1.483778294350e-02 1.470656038093e-02 1.470652116078e-02 1.483781597705e-02 1.499910295646e-02 1.504829665477e-02 1.487261619716e-02 1.442730304938e-02 1.373760502313e-02
 1.181176354932e-02 1.202199588408e-02 1.207862870786e-02 1.197278252471e-02 1.174785032184e-02 1.149670785360e-02 1.133153859454e-02 1.133155714214e-02 1.149666869490e-02 1.174784886457e-02 1.197276836732e-02 1.207861517146e-02 1.202199641769e-02 1.181174940164e-02
 1.084074613122e-02 1.065021688189e-02 1.036984646899e-02 1.000840178763e-02 9.611994269485e-03 9.262303200290e-03 9.054407619230e-03 9.054380334682e-03 9.262308647530e-03 9.611949515046e-03 1.000837093032e-02 1.036984481709e-02 1.065019573668e-02 1.084073638315e-02
 1.067018972734e-02 1.017919562993e-02 9.627859299279e-03 9.042711178759e-03 8.479217545719e-03 8.020384422816e-03 7.758826786987e-03 7.758826825966e-03 8.020335175593e-03 8.479195105278e-03 9.042706687072e-03 9.627801470348e-03 1.017918945376e-02 1.067019638407e-02
 1.095574195695e-02 1.024826253537e-02 9.486156101528e-03 8.709789814465e-03 7.986194017758e-03 7.409559362033e-03 7.084341410043e-03 7.084308657905e-03 7.409534625250e-03 7.986178583987e-03 8.709739679035e-03 9.486126238555e-03 1.024826280095e-02 1.095571284675e-02
 1.138526633619e-02 1.050480690880e-02 9.561636048119e-03 8.605139994272e-03 7.713989040626e-03 7.000221074376e-03 6.594693738329e-03 6.594706543879e-03 7.000196330289e-03 7.713933308278e-03 8.605131471833e-03 9.561605867149e-03 1.050478281194e-02 1.138529726839e-02
 1.177483712264e-02 1.073587771664e-02 9.616479656729e-03 8.470379835980e-03 7.385613519117e-03 6.497412193222e-03 5.981154941390e-03 5.981138751066e-03 6.497398785859e-03 7.385610452188e-03 8.470350673960e-03 9.616463376329e-03 1.073586191487e-02 1.177484468463e-02
 1.205261502291e-02 1.086180707265e-02 9.564917648886e-03 8.214455587532e-03 6.901482721755e-03 5.783216136257e-03 5.103966607447e-03 5.103940427453e-03 5.783233622403e-03 6.901491649879e-03 8.214426734471e-03 9.564926481431e-03 1.086179324660e-02 1.205261513015e-02
 1.221674988160e-02 1.088826706276e-02 9.423740501779e-03 7.867314599732e-03 6.299954798092e-03 4.882829185766e-03 3.948114011305e-03 3.948169332688e-03 4.882827500645e-03 6.299943084089e-03 7.867340669202e-03 9.423730048594e-03 1.088827346286e-02 1.221676151650e-02
 1.229868180596e-02 1.086323925870e-02 9.263725687778e-03 7.531244606739e-03 5.721268730949e-03 3.953078811068e-03 2.592550283338e-03 2.592558842340e-03 3.953085593525e-03 5.721275854187e-03 7.531249448688e-03 9.263729277127e-03 1.086324542864e-02 1.229869567770e-02
 1.233600550094e-02 1.084188418715e-02 9.166650707739e-03 7.331105635072e-03 5.365710196606e-03 3.316670719639e-03 1.319237447207e-03 1.319215740415e-03 3.316677397071e-03 5.365714893072e-03 7.331109878297e-03 9.166650449728e-03 1.084189694968e-02 1.233602965774e-02
 1.235240136249e-02 1.085932035888e-02 9.185863420326e-03 7.353519370773e-03 5.394493174056e-03 3.361056899672e-03 1.424656173760e-03 1.424634884688e-03 3.361060082010e-03 5.394506091508e-03 7.353513637984e-03 9.185873435712e-03 1.085934022078e-02 1.235242766723e-02
 1.234677026818e-02 1.091430113414e-02 9.319735553860e-03 7.595856299008e-03 5.801595510578e-03 4.063952982315e-03 2.755241781601e-03 2.755236624740e-03 4.063966626016e-03 5.801597821794e-03 7.595855359028e-03 9.319751003186e-03 1.091432417604e-02 1.234677688734e-02
 1.229284225788e-02 1.096889213542e-02 9.511637640333e-03 7.966935394066e-03 6.418536186139e-03 5.030147101149e-03 4.125959996169e-03 4.126004584818e-03 5.030138602574e-03 6.418493009044e-03 7.966943972863e-03 9.511634921415e-03 1.096891494809e-02 1.229285642676e-02
 1.214965884257e-02 1.096412293693e-02 9.675544486480e-03 8.337780725971e-03 7.043092671325e-03 5.947766275211e-03 5.287624904135e-03 5.287606237908e-03 5.947765623806e-03 7.043066536136e-03 8.337734685533e-03 9.675557462048e-03 1.096412792937e-02 1.214966095961e-02
 1.188047471961e-02 1.084618509232e-02 9.734479030741e-03 8.599920298200e-03 7.530668050430e-03 6.659818831297e-03 6.156227188730e-03 6.156215078760e-03 6.659811164310e-03 7.530662702675e-03 8.599875850493e-03 9.734469247751e-03 1.084621109780e-02 1.188046854074e-02
 1.147921654991e-02 1.060020764165e-02 9.661396357338e-03 8.712620394987e-03 7.832146114526e-03 7.129923924500e-03 6.732384546672e-03 6.732407419312e-03 7.129921408434e-03 7.832115952054e-03 8.712594087157e-03 9.661389801856e-03 1.060019653679e-02 1.147926621936e-02
 1.100642516939e-02 1.029277326868e-02 9.527259417824e-03 8.750703999838e-03 8.029793745102e-03 7.457253415597e-03 7.135162333065e-03 7.135153622174e-03 7.457254637120e-03 8.029784182789e-03 8.750667589612e-03 9.527238483016e-03 1.029278386984e-02 1.100641878966e-02
 1.063382212183e-02 1.012350895953e-02 9.555990292384e-03 8.958441267144e-03 8.386398862837e-03 7.922368406964e-03 7.658407843265e-03 7.658415081666e-03 7.922339546411e-03 8.386372305329e-03 8.958425370824e-03 9.555937858169e-03 1.012351848739e-02 1.063382526590e-02
 1.067179688084e-02 1.044683280666e-02 1.013673119364e-02 9.750996828849e-03 9.335904022099e-03 8.973247915535e-03 8.758550507848e-03 8.758528419620e-03 8.973253681872e-03 9.335856374972e-03 9.750951272969e-03 1.013670844056e-02 1.044680918640e-02 1.067179062989e-02
 1.148928137035e-02 1.165556388157e-02 1.167514584305e-02 1.153963992503e-02 1.129228431104e-02 1.102573991287e-02 1.085257004460e-02 1.085259282410e-02 1.102569424534e-02 1.129227211354e-02 1.153961519856e-02 1.167513682199e-02 1.165553819220e-02 1.148927434790e-02
 1.327735444231e-02 1.391906255187e-02 1.432558262178e-02 1.447236666286e-02 1.440358180969e-02 1.423041291127e-02 1.409363663014e-02 1.409360179770e-02 1.423044337146e-02 1.440357081093e-02 1.447237084016e-02 1.432557631918e-02 1.391905957666e-02 1.327737411104e-02
 1.585445844541e-02 1.703129503867e-02 1.788961694003e-02 1.837954623108e-02 1.853523190102e-02 1.848272343941e-02 1.839387984099e-02 1.839385312189e-02 1.848278129145e-02 1.853522588722e-02 1.837955980754e-02 1.788964279299e-02 1.703132255863e-02 1.585444716362e-02
 1.863845384189e-02 2.041274478985e-02 2.184951782674e-02 2.283414350656e-02 2.335203875836e-02 2.352099210094e-02 2.353244058941e-02 2.353247203476e-02 2.352097000636e-02 2.335209821141e-02 2.283416914557e-02 2.184954030603e-02 2.041272440752e-02 1.863845057474e-02
 2.060807056837e-02 2.306025719242e-02 2.532790921203e-02 2.712371097647e-02 2.830380911897e-02 2.892585932258e-02 2.916455721029e-02 2.916461007758e-02 2.892585209113e-02 2.830385161452e-02 2.712373236428e-02 2.532789501288e-02 2.306026051520e-02 2.060808345885e-02
 2.063328155999e-02 2.387838739181e-02 2.733730285130e-02 3.038547730723e-02 3.267244267687e-02 3.412053471381e-02 3.480307201238e-02 3.480306793050e-02 3.412056732207e-02 3.267246133649e-02 3.038548914007e-02 2.733731752504e-02 2.387840504286e-02 2.063327511664e-02
 2.404546537479e-02 2.728041293881e-02 3.067498737330e-02 3.417329786616e-02 3.731714301134e-02 3.965888495005e-02 4.090096748733e-02 4.090096223073e-02 3.965886088076e-02 3.731716991365e-02 3.417327235361e-02 3.067496012428e-02 2.728042709257e-02 2.404549178311e-02
 5.609274475861e-02 6.126380070902e-02 6.179597475807e-02 6.380546804329e-02 6.666406409483e-02 6.937738502559e-02 7.100587918480e-02 7.100570197509e-02 6.937750244762e-02 6.666389138635e-02 6.380549043819e-02 6.179587721344e-02 6.126378608418e-02 5.609271441961e-02
 1.243082163996e-01 1.480915939306e-01 1.601546270190e-01 1.720293290852e-01 1.824338990805e-01 1.901793544439e-01 1.943174948619e-01 1.943172842294e-01 1.901795672052e-01 1.824337710908e-01 1.720293476429e-01 1.601544960185e-01 1.480915172453e-01 1.243082505298e-01
 2.326524916238e-01 2.934138220303e-01 3.349583030167e-01 3.717175143917e-01 4.011149680737e-01 4.215366803785e-01 4.319895963988e-01 4.319896570086e-01 4.215365617117e-01 4.011149690915e-01 3.717174776604e-01 3.349582756673e-01 2.934136627974e-01 2.326524884919e-01
 3.853280957306e-01 5.068615431396e-01 5.999806797494e-01 6.798716312919e-01 7.422325278760e-01 7.847612309308e-01 8.062746445581e-01 8.062744795337e-01 7.847613280753e-01 7.422325397044e-01 6.798716083956e-01 5.999805725066e-01 5.068614805040e-01 3.853280484674e-01
 5.814688300942e-01 7.896180776346e-01 9.581967941320e-01 1.100851766539e+00 1.211260980378e+00 1.286133797935e+00 1.323879934056e+00 1.323879771098e+00 1.286133952858e+00 1.211260866992e+00 1.100851727792e+00 9.581968337185e-01 7.896181034112e-01 5.814688080698e-01
 8.135943057391e-01 1.132160464955e+00 1.398409083710e+00 1.622072588199e+00 1.794606099394e+00 1.911420304640e+00 1.970264672326e+00 1.970264691379e+00 1.911420126369e+00 1.794606148929e+00 1.622072440677e+00 1.398409228819e+00 1.132160463399e+00 8.135943550031e-01
 1.066804398250e+00 1.512994396866e+00 1.893398743589e+00 2.211609490762e+00 2.456770515053e+00 2.622730287192e+00 2.706342358248e+00 2.706342349230e+00 2.622730169620e+00 2.456770598511e+00 2.211609500676e+00 1.893398749205e+00 1.512994514305e+00 1.066804457653e+00
 1.318923467669e+00 1.898597295452e+00 2.399611345850e+00 2.817672635051e+00 3.139665795469e+00 3.357724757437e+00 3.467634878603e+00 3.467634912176e+00 3.357724749189e+00 3.139665640533e+00 2.817672696612e+00 2.399611329113e+00 1.898597535805e+00 1.318923422720e+00
 1.541873721830e+00 2.245137683700e+00 2.859156542954e+00 3.370873336451e+00 3.765106657959e+00 4.032274815142e+00 4.167018938507e+00 4.167019085600e+00 4.032274657476e+00 3.765106707465e+00 3.370873222772e+00 2.859156655560e+00 2.245137700043e+00 1.541873537722e+00
 1.704448477724e+00 2.502382632434e+00 3.204747422316e+00 3.790079196713e+00 4.241409607040e+00 4.547581355859e+00 4.702114968436e+00 4.702115082727e+00 4.547581337362e+00 4.241409859225e+00 3.790078944044e+00 3.204747464794e+00 2.502382528161e+00 1.704448343934e+00
 1.776419448386e+00 2.619833596634e+00 3.367742268715e+00 3.992127686393e+00 4.474446540457e+00 4.802162164147e+00 4.967749809161e+00 4.967749737692e+00 4.802162277653e+00 4.474446528398e+00 3.992127531148e+00 3.367742174759e+00 2.619833552875e+00 1.776419384053e+00
 1.733567985185e+00 2.554517707460e+00 3.288680886676e+00 3.904783666198e+00 4.382524493586e+00 4.708046530268e+00 4.872815523751e+00 4.872815413680e+00 4.708046535915e+00 4.382524475888e+00 3.904783780142e+00 3.288680914722e+00 2.554517646004e+00 1.733567910457e+00
 1.562867841518e+00 2.279008983827e+00 2.928722191286e+00 3.481248483688e+00 3.913249630061e+00 4.209185023096e+00 4.359437801150e+00 4.359437873619e+00 4.209184973407e+00 3.913249653709e+00 3.481248542329e+00 2.928722192442e+00 2.279008967210e+00 1.562867818254e+00
 1.266835262186e+00 1.786921572853e+00 2.279452738660e+00 2.713643711877e+00 3.059463606954e+00 3.298823121723e+00 3.421007875871e+00 3.421007904361e+00 3.298823066712e+00 3.059463510740e+00 2.713643762089e+00 2.279452651028e+00 1.786921659695e+00 1.266835300070e+00
 8.666966329726e-01 1.089880149409e+00 1.368450271533e+00 1.643021279760e+00 1.871032565670e+00 2.031929121488e+00 2.114808759424e+00 2.114808692223e+00 2.031929102643e+00 1.871032431472e+00 1.643021330766e+00 1.368450295058e+00 1.089880226924e+00 8.666965507198e-01
 4.961444649448e-01 5.484022006972e-01 6.734903540215e-01 8.163823395104e-01 9.426317921811e-01 1.034344468849e+00 1.082238437983e+00 1.082238387037e+00 1.034344484254e+00 9.426317271676e-01 8.163822762434e-01 6.734904013131e-01 5.484022362388e-01 4.961443448005e-01

