480, 0.000301759
479.76, 0.000301926
479.519, 0.000205322
479.279, 6.99327e-05
479.04, 7.58033e-05
478.8, 0.000153614
478.561, 0.000169189
478.322, 0.000128972
478.083, 6.86845e-05
477.844, 7.17629e-05
477.606, 0.000111997
477.368, 0.000122952
477.13, 0.00010189
476.892, 7.42512e-05
476.655, 7.80254e-05
476.418, 9.79141e-05
476.181, 0.000102765
475.944, 9.06195e-05
475.708, 7.89623e-05
475.472, 8.365e-05
475.236, 9.35209e-05
475, 9.40489e-05
474.765, 8.6733e-05
474.529, 8.31771e-05
474.294, 8.80838e-05
474.059, 9.26903e-05
473.825, 9.10126e-05
473.591, 8.69151e-05
473.356, 8.75877e-05
473.123, 9.19554e-05
472.889, 9.3516e-05
472.655, 9.10526e-05
472.422, 8.96789e-05
472.189, 9.25322e-05
471.957, 9.57716e-05
471.724, 9.53859e-05
471.492, 9.33043e-05
471.26, 9.42704e-05
471.028, 9.80332e-05
470.796, 9.98173e-05
470.565, 9.82944e-05
470.334, 9.74311e-05
470.103, 0.000100341
469.872, 0.000104003
469.642, 0.000104178
469.412, 0.000102376
469.182, 0.000103415
468.952, 0.000107773
468.722, 0.000110399
468.493, 0.000109044
468.264, 0.000107951
468.035, 0.000111291
467.807, 0.000116209
467.578, 0.000117139
467.35, 0.000114813
467.122, 0.000115484
466.894, 0.000121142
466.667, 0.000125529
466.439, 0.00012432
466.212, 0.000121977
465.985, 0.000125661
465.759, 0.000132974
465.532, 0.000135532
465.306, 0.000132131
465.08, 0.000131539
464.854, 0.000139001
464.629, 0.000146633
464.403, 0.000146015
464.178, 0.000141339
463.953, 0.000144672
463.729, 0.00015593
463.504, 0.000161815
463.28, 0.000157021
463.056, 0.000153216
462.832, 0.000162922
462.609, 0.000176727
462.385, 0.000178179
462.162, 0.000169054
461.939, 0.000169989
461.716, 0.000188054
461.494, 0.000201593
461.272, 0.000195209
461.05, 0.000183399
460.828, 0.000195224
460.606, 0.000222302
460.385, 0.000230414
460.163, 0.000211987
459.942, 0.000202974
459.722, 0.000234638
459.501, 0.000268866
459.281, 0.00026262
459.06, 0.000226953
458.84, 0.000234272
458.621, 0.000297981
458.401, 0.000334347
458.182, 0.0002973
457.963, 0.000236088
457.744, 0.000290084
457.525, 0.000404281
457.307, 0.000435436
457.088, 0.000336959
456.87, 0.000230048
456.652, 0.000394268
456.435, 0.000592762
456.217, 0.000617329
456, 0.000408584
455.783, 0.00019025
455.566, 0.000589748
455.35, 0.000944348
455.133, 0.000989238
454.917, 0.000624632
454.701, 0.000105136
454.485, 0.00096466
454.269, 0.00165202
454.054, 0.00183025
453.839, 0.00128531
453.624, 0.000298304
453.409, 0.00182735
453.195, 0.00352609
452.98, 0.00449402
452.766, 0.00397747
452.552, 0.00171588
452.338, 0.00773423
452.125, 0.0431144
451.911, 0.0378993
451.698, 0.0099834
451.485, 0.00209738
451.272, 0.00256305
451.06, 0.00391841
450.847, 0.0036675
450.635, 0.00239051
450.423, 0.000756876
450.212, 0.000735477
450, 0.00157476
449.789, 0.00170966
449.577, 0.00124644
449.366, 0.000467445
449.156, 0.000346352
448.945, 0.000854886
448.735, 0.000983376
448.525, 0.000758196
448.315, 0.000358206
448.105, 0.000303983
447.895, 0.000561893
447.686, 0.00063421
447.477, 0.000504677
447.268, 0.000308759
447.059, 0.000310665
446.85, 0.000429257
446.642, 0.00045106
446.434, 0.000367309
446.226, 0.000280684
446.018, 0.000302423
445.81, 0.000353658
445.603, 0.000345668
445.395, 0.000291538
445.188, 0.000262498
444.981, 0.000284419
444.775, 0.000298898
444.568, 0.000276764
444.362, 0.00024812
444.156, 0.000251606
443.95, 0.000266542
443.744, 0.000254946
443.539, 0.000224335
443.333, 0.000220694
443.128, 0.000248442
442.923, 0.000255927
442.718, 0.000218709
442.514, 0.000177187
442.309, 0.00020542
442.105, 0.000255728
441.901, 0.000249022
441.697, 0.000179001
441.494, 0.000145578
441.29, 0.00021348
441.087, 0.000251391
440.884, 0.000215568
440.681, 0.000151155
440.478, 0.00015435
440.276, 0.000201951
440.074, 0.000216339
439.871, 0.000188573
439.669, 0.000153907
439.468, 0.000156663
439.266, 0.00018138
439.065, 0.000189211
438.863, 0.000173626
438.662, 0.000155152
438.462, 0.000155838
438.261, 0.000167807
438.06, 0.000170964
437.86, 0.00016194
437.66, 0.000152922
437.46, 0.000153876
437.26, 0.000159009
437.061, 0.000158705
436.861, 0.000153276
436.662, 0.000149797
436.463, 0.0001509
436.264, 0.000151967
436.066, 0.00015001
435.867, 0.000147779
435.669, 0.000147984
435.471, 0.000148024
435.273, 0.000145075
435.075, 0.000142443
434.877, 0.000145183
434.68, 0.000149793
434.483, 0.000147254
434.286, 0.000137072
434.089, 0.000133041
433.892, 0.000145414
433.696, 0.000158776
433.499, 0.000152358
433.303, 0.000126326
433.107, 0.000117442
432.911, 0.000152279
432.716, 0.000183398
432.52, 0.000166646
432.325, 0.000101388
432.13, 0.000109229
431.935, 0.000197061
431.74, 0.000210919
431.546, 0.000136549
431.351, 9.42913e-05
431.157, 0.000148988
430.963, 0.000180515
430.769, 0.0001776
430.576, 0.000159386
430.382, 0.000136761
430.189, 0.000125474
429.996, 0.00015424
429.803, 0.00020351
429.61, 0.000224344
429.417, 0.000186707
429.225, 0.000105358
429.032, 0.000137668
428.84, 0.000265346
428.648, 0.000341653
428.456, 0.000309218
428.265, 0.000152193
428.073, 0.000112381
427.882, 0.000397505
427.691, 0.000619571
427.5, 0.000674986
427.309, 0.000481976
427.119, 0.000144235
426.928, 0.000931747
426.738, 0.00234859
426.548, 0.00598381
426.358, 0.00966728
426.168, 0.000875753
425.979, 0.000726409
425.789, 0.00102111
425.6, 0.000940448
425.411, 0.000646912
425.222, 0.000279613
425.033, 9.07043e-05
424.845, 0.000299684
424.656, 0.000382388
424.468, 0.00033258
424.28, 0.000191939
424.092, 2.85012e-05
423.904, 0.000131142
423.717, 0.000210989
423.529, 0.000211764
423.342, 0.00014867
423.155, 6.9262e-05
422.968, 8.97633e-05
422.781, 0.000143248
422.595, 0.000154858
422.408, 0.000124363
422.222, 8.23905e-05
422.036, 8.64609e-05
421.85, 0.000119236
421.664, 0.000131043
421.479, 0.000112535
421.293, 8.23355e-05
421.108, 8.4017e-05
420.923, 0.000114243
420.738, 0.000128948
420.553, 0.000111229
420.369, 7.22274e-05
420.184, 7.35388e-05
420, 0.000122273
419.816, 0.000149915
419.632, 0.000128904
419.448, 5.87284e-05
419.264, 5.51286e-05
419.081, 0.000152495
418.898, 0.000208823
418.714, 0.000193402
418.531, 0.000108978
418.349, 0.000100043
418.166, 0.000240268
417.983, 0.000344055
417.801, 0.000358318
417.619, 0.00030129
417.437, 0.000323921
417.255, 0.000510198
417.073, 0.000706995
416.892, 0.000815097
416.71, 0.000878736
416.529, 0.0010946
416.348, 0.00141238
416.167, 0.00141468
415.986, 0.00108165
415.805, 0.000828425
415.625, 0.000764064
415.445, 0.000678178
415.265, 0.000489233
415.085, 0.000283483
414.905, 0.000254826
414.725, 0.000323075
414.545, 0.000296263
414.366, 0.000162611
414.187, 0.000105074
414.008, 0.00025634
413.829, 0.000332719
413.65, 0.000301467
413.472, 0.000320699
413.293, 0.000589694
413.115, 0.000982985
412.937, 0.0013751
412.759, 0.00138605
412.581, 0.00107228
412.403, 0.000778101
412.226, 0.000482792
412.048, 0.000280934
411.871, 0.000295188
411.694, 0.000347331
411.517, 0.00030921
411.34, 0.000187511
411.164, 5.78995e-05
410.987, 0.000137463
410.811, 0.0002111
410.635, 0.000207982
410.459, 0.000142134
410.283, 7.85825e-05
410.107, 0.000120159
409.932, 0.000169104
409.756, 0.0001713
409.581, 0.000138831
409.406, 0.000120327
409.231, 0.000143619
409.056, 0.000165047
408.881, 0.000159411
408.707, 0.000145376
408.532, 0.000155745
408.358, 0.000178162
408.184, 0.000178759
408.01, 0.000157204
407.836, 0.000158087
407.663, 0.000200028
407.489, 0.000229862
407.316, 0.000208744
407.143, 0.000155146
406.97, 0.000176641
406.797, 0.000271565
406.624, 0.000323895
406.452, 0.000277598
406.279, 0.000152079
406.107, 0.000201537
405.935, 0.000401577
405.763, 0.000516233
405.591, 0.000455874
405.419, 0.00020233
405.248, 0.000241703
405.076, 0.000679002
404.905, 0.00098842
404.734, 0.000993507
404.563, 0.000564589
404.392, 0.000375899
404.221, 0.00180537
404.051, 0.00386171
403.88, 0.00804889
403.71, 0.0168328
403.54, 0.000894973
403.37, 0.00191549
403.2, 0.00199703
403.03, 0.00150343
402.861, 0.000785547
402.691, 0.000110666
402.522, 0.000418119
402.353, 0.000645431
402.184, 0.000614072
402.015, 0.00040104
401.846, 0.000118997
401.678, 0.000147981
401.509, 0.000300578
401.341, 0.000331601
401.173, 0.000258899
401.005, 0.000131402
400.837, 6.89011e-05
400.669, 0.000156354
400.502, 0.000209375
400.334, 0.000200603
400.167, 0.000136438
400, 4.89604e-05


