1.525876241744e-02 1.554787683683e-02 1.567451087020e-02 1.608940352107e-02 1.684700652615e-02 1.772695415839e-02 1.846665057372e-02 1.888068014608e-02 1.888069643542e-02 1.846664406399e-02 1.772695922738e-02 1.684700415801e-02 1.608939431382e-02 1.567451566115e-02 1.554784775003e-02 1.525874810774e-02
 2.021682035328e-02 2.029858036509e-02 1.980804199991e-02 2.048770506947e-02 2.210624434880e-02 2.390466768649e-02 2.532084679189e-02 2.607784192806e-02 2.607783262997e-02 2.532085840826e-02 2.390465214137e-02 2.210622674481e-02 2.048768194934e-02 1.980801331757e-02 2.029859553681e-02 2.021682304062e-02
 2.641116359736e-02 2.732905986630e-02 2.617103177685e-02 2.675780949489e-02 2.938401742833e-02 3.225799243492e-02 3.444138344085e-02 3.557903660044e-02 3.557902560300e-02 3.444139639189e-02 3.225796824829e-02 2.938397888793e-02 2.675778269954e-02 2.617101169824e-02 2.732905191483e-02 2.641114559214e-02
 3.505485129412e-02 3.793595759544e-02 3.659849255274e-02 3.729809507054e-02 4.132236043895e-02 4.570452038503e-02 4.899392964726e-02 5.069339233859e-02 5.069342075165e-02 4.899393510755e-02 4.570449461282e-02 4.132228185788e-02 3.729805097199e-02 3.659851634455e-02 3.793595217747e-02 3.505485109682e-02
 4.505494303059e-02 4.882718967079e-02 4.671681661442e-02 4.917616432813e-02 5.595996274667e-02 6.272279841848e-02 6.757868544160e-02 7.002478640788e-02 7.002481256016e-02 6.757873227543e-02 6.272277162065e-02 5.595989539843e-02 4.917609617215e-02 4.671687004498e-02 4.882725849551e-02 4.505498898375e-02
 5.771075195394e-02 6.304979442409e-02 6.160458753476e-02 6.824926801737e-02 7.856110996024e-02 8.801959104967e-02 9.463694908586e-02 9.793651202801e-02 9.793649989582e-02 9.463699978041e-02 8.801963121080e-02 7.856110633596e-02 6.824918517028e-02 6.160469599262e-02 6.304979415082e-02 5.771075825497e-02
 7.026131348137e-02 8.619088552499e-02 9.447867393813e-02 1.047078039982e-01 1.154787354431e-01 1.242443004697e-01 1.300202180314e-01 1.327949096306e-01 1.327948300194e-01 1.300201445040e-01 1.242443888794e-01 1.154787582676e-01 1.047077406389e-01 9.447869133841e-02 8.619070422896e-02 7.026130161154e-02
 7.657679606725e-02 1.053977802966e-01 1.275604080693e-01 1.413225970114e-01 1.506689110566e-01 1.549948413249e-01 1.557532436273e-01 1.552614273997e-01 1.552613592047e-01 1.557532679408e-01 1.549948048438e-01 1.506689364930e-01 1.413226993719e-01 1.275604043615e-01 1.053977082577e-01 7.657679209139e-02
 7.385607605844e-02 1.066767020786e-01 1.364109674031e-01 1.541076482109e-01 1.623545909881e-01 1.620314054763e-01 1.568281506056e-01 1.520997759963e-01 1.520997494432e-01 1.568282780253e-01 1.620314656627e-01 1.623546179590e-01 1.541077076492e-01 1.364110040401e-01 1.066767441610e-01 7.385608535581e-02
 6.203664889046e-02 9.251375323678e-02 1.241724549099e-01 1.438643299806e-01 1.506959535811e-01 1.459524020191e-01 1.346573477356e-01 1.251507845868e-01 1.251508029078e-01 1.346572621641e-01 1.459526191691e-01 1.506959848097e-01 1.438642095922e-01 1.241724112692e-01 9.251369339770e-02 6.203668169343e-02
 4.470192996682e-02 6.884773789588e-02 9.790478968771e-02 1.175329011786e-01 1.229392685682e-01 1.147262179833e-01 9.777607377751e-02 8.266653567159e-02 8.266665940669e-02 9.777591857765e-02 1.147262348153e-01 1.229392581903e-01 1.175328297218e-01 9.790481112899e-02 6.884771355785e-02 4.470192256954e-02
 3.152978780526e-02 4.909798848997e-02 7.107629224682e-02 8.827517696064e-02 9.332526465286e-02 8.488962771645e-02 6.606773210169e-02 4.671218432130e-02 4.671211141778e-02 6.606767379629e-02 8.488947977480e-02 9.332512162670e-02 8.827517270768e-02 7.107637705826e-02 4.909799162759e-02 3.152976116099e-02
 3.695460659908e-02 5.381721595224e-02 6.539015675238e-02 7.610965668567e-02 8.265490272626e-02 8.078017787919e-02 7.230434131862e-02 6.398263318817e-02 6.398257598332e-02 7.230431460776e-02 8.078012760197e-02 8.265480762842e-02 7.610949510284e-02 6.539003304519e-02 5.381722297162e-02 3.695462475246e-02
 5.311173346250e-02 7.568629865115e-02 8.406008266831e-02 8.898163522106e-02 9.699286625812e-02 1.024354975268e-01 1.042366078729e-01 1.041579622854e-01 1.041579055496e-01 1.042366826491e-01 1.024354698080e-01 9.699280965477e-02 8.898160443832e-02 8.406003679016e-02 7.568615790176e-02 5.311172050405e-02
 6.723115996153e-02 9.587560553509e-02 1.060087944182e-01 1.090134066779e-01 1.174848617657e-01 1.261970596658e-01 1.323851761161e-01 1.354057092228e-01 1.354057251587e-01 1.323852080845e-01 1.261970261821e-01 1.174849178740e-01 1.090134482424e-01 1.060087440131e-01 9.587569193469e-02 6.723115935147e-02
 7.493627227391e-02 1.071687651507e-01 1.194186908697e-01 1.220363425368e-01 1.301549750822e-01 1.394796786671e-01 1.468966235825e-01 1.508697000944e-01 1.508697237382e-01 1.468966604502e-01 1.394797601009e-01 1.301549980960e-01 1.220363625156e-01 1.194186236379e-01 1.071687742910e-01 7.493625078063e-02
 7.536844154145e-02 1.079890825809e-01 1.211268310987e-01 1.235364095065e-01 1.306407707876e-01 1.391240847935e-01 1.461612075923e-01 1.500493930816e-01 1.500493754657e-01 1.461612652174e-01 1.391241499940e-01 1.306407587525e-01 1.235364840040e-01 1.211267571205e-01 1.079890193982e-01 7.536842138920e-02
 6.936946747547e-02 9.940298415345e-02 1.118722207827e-01 1.138144252801e-01 1.194313974917e-01 1.263036648172e-01 1.321449870955e-01 1.354267596396e-01 1.354267286508e-01 1.321449909150e-01 1.263037775198e-01 1.194313776899e-01 1.138144660526e-01 1.118721383118e-01 9.940300130106e-02 6.936946095656e-02
 5.869994914882e-02 8.383664977660e-02 9.422462017141e-02 9.535497680775e-02 9.921691779083e-02 1.041491893850e-01 1.084512196955e-01 1.109044168688e-01 1.109045111266e-01 1.084512050718e-01 1.041492728142e-01 9.921688667225e-02 9.535503711066e-02 9.422460984069e-02 8.383667131198e-02 5.869995247028e-02
 4.548500337383e-02 6.412389119292e-02 7.123567776447e-02 7.127581708209e-02 7.328576602788e-02 7.622031283264e-02 7.892160736259e-02 8.050158093620e-02 8.050172032993e-02 7.892158452821e-02 7.622032669101e-02 7.328575511872e-02 7.127583483175e-02 7.123567886724e-02 6.412393532647e-02 4.548500716095e-02
 3.187943732269e-02 4.258051107747e-02 4.517341121358e-02 4.426782651367e-02 4.439476643791e-02 4.535366611353e-02 4.650039897958e-02 4.723797417101e-02 4.723786459117e-02 4.650028755339e-02 4.535373622511e-02 4.439481503487e-02 4.426773152509e-02 4.517339800305e-02 4.258060724617e-02 3.187942580513e-02
 1.965631068616e-02 2.435473196003e-02 2.417776724893e-02 2.274960971565e-02 2.170236798555e-02 2.130386165145e-02 2.132654112670e-02 2.144084421443e-02 2.144070337193e-02 2.132646031961e-02 2.130389636434e-02 2.170244217086e-02 2.274954217895e-02 2.417774710423e-02 2.435483335449e-02 1.965631712592e-02
 1.087957719911e-02 1.319353756635e-02 1.297527867626e-02 1.172340926304e-02 1.071218134746e-02 1.006118058555e-02 9.732500921013e-03 9.611571064965e-03 9.611559792699e-03 9.732497335990e-03 1.006119284830e-02 1.071221196448e-02 1.172336865179e-02 1.297520691565e-02 1.319354607448e-02 1.087958170331e-02
 5.790947661605e-03 6.949718969080e-03 6.913917747149e-03 6.209799491855e-03 5.574860424703e-03 5.087124702088e-03 4.774170349296e-03 4.625960662098e-03 4.625969637740e-03 4.774163366832e-03 5.087139392911e-03 5.574885872622e-03 6.209785557513e-03 6.913848118984e-03 6.949652089484e-03 5.790913321606e-03
 2.891899298364e-03 3.390396837745e-03 3.366416714626e-03 2.985565195266e-03 2.587083417956e-03 2.224818162519e-03 1.945707616294e-03 1.791523853748e-03 1.791526030216e-03 1.945699125331e-03 2.224840901350e-03 2.587118299477e-03 2.985572346013e-03 3.366374299121e-03 3.390328785526e-03 2.891873065829e-03
 1.362637645726e-03 1.533414827025e-03 1.514059294272e-03 1.356240028115e-03 1.142615183986e-03 9.146088363130e-04 7.065607853367e-04 5.695360404005e-04 5.695120607224e-04 7.065562647676e-04 9.146354828380e-04 1.142647899076e-03 1.356248021879e-03 1.514022753370e-03 1.533410892932e-03 1.362668061174e-03
 6.127300888180e-04 6.764319315047e-04 6.721515238622e-04 6.075938781797e-04 5.070362097865e-04 3.877874695106e-04 2.640885163447e-04 1.635750877133e-04 1.635537470687e-04 2.640925007666e-04 3.877846694431e-04 5.070441468781e-04 6.076118227247e-04 6.721307969599e-04 6.764188753181e-04 6.127585312928e-04
 2.620526821852e-04 2.819763990892e-04 2.799616711041e-04 2.550711875554e-04 2.133959781493e-04 1.610103791017e-04 1.030145697699e-04 4.804883466737e-05 4.802504009460e-05 1.029862985436e-04 1.609998529411e-04 2.134139991859e-04 2.550722685552e-04 2.799665483920e-04 2.819618309747e-04 2.620679586357e-04
 1.414221589933e-04 1.444266934101e-04 1.442022050752e-04 1.393658587036e-04 1.307756589721e-04 1.207590288561e-04 1.118661892096e-04 1.065286668812e-04 1.065441795568e-04 1.118497411490e-04 1.207678188615e-04 1.308234054084e-04 1.393259139292e-04 1.442246126794e-04 1.444439721331e-04 1.414357142981e-04
 1.532260705198e-04 1.528820286273e-04 1.508531280715e-04 1.467815828711e-04 1.409436477341e-04 1.341726492646e-04 1.280963004035e-04 1.244671510363e-04 1.244506008211e-04 1.281007148931e-04 1.341980090938e-04 1.409423426782e-04 1.467803763599e-04 1.508437467652e-04 1.529245860400e-04 1.532383865709e-04
 1.940771956259e-04 1.908431141303e-04 1.836200052111e-04 1.724183274543e-04 1.579692646468e-04 1.421065193621e-04 1.277857728656e-04 1.189907320308e-04 1.190127758969e-04 1.277990247196e-04 1.421112779609e-04 1.579708998189e-04 1.724209796646e-04 1.836305204103e-04 1.908384134246e-04 1.940447495101e-04
 2.363011788290e-04 2.286443985085e-04 2.151297580857e-04 1.959018207516e-04 1.718635554805e-04 1.451701194744e-04 1.199473212968e-04 1.034259603173e-04 1.034475656008e-04 1.199383296814e-04 1.451462953483e-04 1.718930675186e-04 1.959228602483e-04 2.151065116627e-04 2.285764014401e-04 2.362916522181e-04
 2.769649754011e-04 2.644196192073e-04 2.448890700297e-04 2.182675252820e-04 1.854126547079e-04 1.483502194480e-04 1.114797983252e-04 8.482237363806e-05 8.479330049133e-05 1.114852279598e-04 1.483856695050e-04 1.854168328450e-04 2.182095251414e-04 2.448321975119e-04 2.644655059713e-04 2.769654720629e-04
 3.140088700542e-04 2.971260880800e-04 2.722480746806e-04 2.394051447209e-04 1.992897366849e-04 1.535841198818e-04 1.059325699504e-04 6.712573389222e-05 6.715503825463e-05 1.059178088261e-04 1.535531662517e-04 1.992977488416e-04 2.394372318502e-04 2.722252408365e-04 2.970494816568e-04 3.139770193460e-04
 3.448903276867e-04 3.244916185009e-04 2.955151906961e-04 2.579139930692e-04 2.122762565135e-04 1.600057228609e-04 1.039604860385e-04 5.311254971079e-05 5.309617418938e-05 1.040040376548e-04 1.600274131018e-04 2.122695686841e-04 2.578782200672e-04 2.955069635890e-04 3.244935935053e-04 3.448783855972e-04
 3.674720531718e-04 3.446460109424e-04 3.128116025237e-04 2.719371269947e-04 2.225715708382e-04 1.660167858278e-04 1.045370872725e-04 4.435062641292e-05 4.434169527827e-05 1.045657503962e-04 1.660432987923e-04 2.225649780004e-04 2.718924077181e-04 3.128123641487e-04 3.446830862958e-04 3.674868475057e-04
 3.802250269380e-04 3.561260249566e-04 3.227169993098e-04 2.800318908577e-04 2.287313095236e-04 1.700300548629e-04 1.058561813242e-04 4.095979884582e-05 4.101753562904e-05 1.058389093092e-04 1.699643943711e-04 2.287577586742e-04 2.801088124490e-04 3.226883758474e-04 3.560636270364e-04 3.802577544131e-04
 3.822169533597e-04 3.578953346014e-04 3.243063052149e-04 2.814625058998e-04 2.298634773546e-04 1.707641425096e-04 1.063807263204e-04 4.139353749592e-05 4.136423312204e-05 1.064332715283e-04 1.708561758744e-04 2.298226613331e-04 2.813929939348e-04 3.243272146694e-04 3.579503971029e-04 3.822214655515e-04
 3.731524731374e-04 3.498204021327e-04 3.173078876108e-04 2.756387888694e-04 2.254433445164e-04 1.679853367533e-04 1.054396301972e-04 4.365919177870e-05 4.369115092071e-05 1.054383287617e-04 1.679770892353e-04 2.254604603274e-04 2.756608053324e-04 3.172989943761e-04 3.497768366814e-04 3.731339594506e-04
 3.533133258641e-04 3.319866180225e-04 3.018758920161e-04 2.628893728779e-04 2.156628962424e-04 1.615658310023e-04 1.029644701900e-04 4.732393880295e-05 4.734405237055e-05 1.029927881045e-04 1.615547392341e-04 2.156740769606e-04 2.628897253892e-04 3.018625637600e-04 3.319896632191e-04 3.532930956631e-04
 3.235347742312e-04 3.052051863040e-04 2.786493948029e-04 2.437573796427e-04 2.011063878190e-04 1.521609538627e-04 9.978225257196e-05 5.306401122566e-05 5.304508635948e-05 9.981424420789e-05 1.521806443931e-04 2.011066876803e-04 2.437064150597e-04 2.786393546962e-04 3.052718368637e-04 3.235424746923e-04
 2.850963218819e-04 2.706213734315e-04 2.485665890063e-04 2.190530947961e-04 1.826728140352e-04 1.409596362690e-04 9.730316998239e-05 6.175075871556e-05 6.175211937007e-05 9.730607355354e-05 1.408894094526e-04 1.826486094914e-04 2.191121630939e-04 2.486054658181e-04 2.705668061251e-04 2.850901761197e-04
 2.391092888044e-04 2.288783736770e-04 2.123863641157e-04 1.896053694601e-04 1.612247165078e-04 1.290439907441e-04 9.690444453995e-05 7.357265776143e-05 7.356329506527e-05 9.689101403599e-05 1.290285347236e-04 1.612040621306e-04 1.895633071509e-04 2.123970420015e-04 2.289602960200e-04 2.391475443909e-04
 1.856160026360e-04 1.795728457851e-04 1.691950112821e-04 1.546947571123e-04 1.367989019232e-04 1.171597026390e-04 9.897626807057e-05 8.733195990150e-05 8.735257541105e-05 9.895398520879e-05 1.171175135916e-04 1.367823705050e-04 1.546734552703e-04 1.691976655662e-04 1.796106785816e-04 1.856579647028e-04
 1.226867418250e-04 1.200384166061e-04 1.168194738810e-04 1.133534927788e-04 1.096569376487e-04 1.059306078705e-04 1.027967291929e-04 1.010019802623e-04 1.009998749858e-04 1.028176348763e-04 1.059074849721e-04 1.096117160787e-04 1.133810914984e-04 1.168589969739e-04 1.200033916713e-04 1.226956292497e-04
 8.149095288740e-05 8.776502572014e-05 9.446028790232e-05 1.002781051931e-04 1.051900969436e-04 1.092777708553e-04 1.122416020048e-04 1.138369494720e-04 1.138173337461e-04 1.122618878008e-04 1.092644311544e-04 1.051811113426e-04 1.002883136308e-04 9.443424394815e-05 8.779221868306e-05 8.151938600262e-05
 2.309838314381e-04 2.565562221320e-04 2.615729109940e-04 2.471396538182e-04 2.202276862096e-04 1.880199216949e-04 1.577421751229e-04 1.383483621138e-04 1.383512323953e-04 1.577609368408e-04 1.880275003629e-04 2.201937830025e-04 2.471006206842e-04 2.615890826181e-04 2.565776029920e-04 2.309987547309e-04
 6.107625807397e-04 6.795483197115e-04 6.808247314083e-04 6.233072487183e-04 5.308756072633e-04 4.211013563770e-04 3.106729330180e-04 2.296962836617e-04 2.296811079088e-04 3.106752576599e-04 4.211094156392e-04 5.308768030499e-04 6.232708208150e-04 6.808041331179e-04 6.795741751207e-04 6.107953651607e-04
 1.393036679184e-03 1.571717755149e-03 1.557782878758e-03 1.397545812589e-03 1.170956956153e-03 9.160847840887e-04 6.657034805288e-04 4.826067460137e-04 4.826021175322e-04 6.657212761834e-04 9.160761613267e-04 1.170944663156e-03 1.397531791793e-03 1.557771424467e-03 1.571691918440e-03 1.393017363160e-03
 2.979349908578e-03 3.498614296374e-03 3.468789392062e-03 3.039705748994e-03 2.546962374345e-03 2.038000997465e-03 1.575688892671e-03 1.270691224573e-03 1.270685104237e-03 1.575702102392e-03 2.037996090828e-03 2.546911156711e-03 3.039651701103e-03 3.468766350929e-03 3.498618136809e-03 2.979343221792e-03
 5.990337339154e-03 7.181972681275e-03 7.090395436006e-03 6.195719421929e-03 5.236287211481e-03 4.305619433084e-03 3.521037637824e-03 3.046014035588e-03 3.046013689089e-03 3.521006343717e-03 4.305575967737e-03 5.236243069292e-03 6.195675641103e-03 7.090367333775e-03 7.181977193485e-03 5.990340024356e-03
 1.131220999796e-02 1.367485495385e-02 1.332732852413e-02 1.160928321454e-02 9.807531238107e-03 8.138455607297e-03 6.809369016722e-03 6.047418108751e-03 6.047446755133e-03 6.809339268752e-03 8.138429762587e-03 9.807483748077e-03 1.160928628432e-02 1.332736715595e-02 1.367484895769e-02 1.131218764377e-02
 2.054736026172e-02 2.518022286877e-02 2.451904780676e-02 2.184504281328e-02 1.877707820974e-02 1.604388424752e-02 1.401859379638e-02 1.293807612477e-02 1.293817636028e-02 1.401859107229e-02 1.604386401052e-02 1.877697281955e-02 2.184504502703e-02 2.451907988579e-02 2.518022125000e-02 2.054738922047e-02
 3.352354262313e-02 4.408898875861e-02 4.487575916827e-02 4.021912116318e-02 3.552434243337e-02 3.164517148126e-02 2.897444900902e-02 2.763653479147e-02 2.763644344578e-02 2.897449966007e-02 3.164517667455e-02 3.552429465816e-02 4.021911127930e-02 4.487567543733e-02 4.408894740371e-02 3.352359366190e-02
 4.832961040149e-02 6.692054126444e-02 7.015158725614e-02 6.257225139100e-02 5.589516706857e-02 5.074961631540e-02 4.740379957371e-02 4.579995978304e-02 4.579991413088e-02 4.740382164564e-02 5.074959501697e-02 5.589522884159e-02 6.257230131320e-02 7.015153849823e-02 6.692059145454e-02 4.832965625887e-02
 6.327871042865e-02 8.850162866637e-02 9.292315064122e-02 8.244783557752e-02 7.353570735772e-02 6.701136263041e-02 6.301151747540e-02 6.119130405210e-02 6.119142866984e-02 6.301142602023e-02 6.701130039450e-02 7.353568586778e-02 8.244799153015e-02 9.292311336451e-02 8.850175761579e-02 6.327877917806e-02
 7.627796924919e-02 1.067699632105e-01 1.113013660256e-01 9.762726083216e-02 8.643700004561e-02 7.870443771013e-02 7.430760823506e-02 7.245016351661e-02 7.245010997080e-02 7.430752436693e-02 7.870442197910e-02 8.643692465429e-02 9.762735991512e-02 1.113013384375e-01 1.067699783325e-01 7.627798827867e-02
 8.521048588930e-02 1.189863444601e-01 1.225196627257e-01 1.055774676109e-01 9.234657079598e-02 8.384426570478e-02 7.949035655292e-02 7.785434972918e-02 7.785429871072e-02 7.949032226872e-02 8.384428532131e-02 9.234646310978e-02 1.055774173794e-01 1.225196496699e-01 1.189862586690e-01 8.521046317667e-02
 8.817471481698e-02 1.225806250782e-01 1.239935402137e-01 1.041131651304e-01 8.943000758163e-02 8.084721947621e-02 7.707784847405e-02 7.592783553992e-02 7.592778954709e-02 7.707775811535e-02 8.084722263387e-02 8.942984014072e-02 1.041131194192e-01 1.239935740232e-01 1.225806348332e-01 8.817470005239e-02
 8.389837525635e-02 1.158658636165e-01 1.141843201247e-01 9.219183679530e-02 7.704515972850e-02 6.926240868607e-02 6.654893448186e-02 6.600209468489e-02 6.600207394058e-02 6.654884720564e-02 6.926236892212e-02 7.704513289905e-02 9.219179175883e-02 1.141843753811e-01 1.158659768057e-01 8.389837353168e-02
 7.215695877627e-02 9.867210958840e-02 9.335914720345e-02 7.074688260528e-02 5.669782520372e-02 5.070838711922e-02 4.903553880060e-02 4.868232214158e-02 4.868232401942e-02 4.903550536602e-02 5.070838246771e-02 5.669788805976e-02 7.074690274352e-02 9.335903439626e-02 9.867206404987e-02 7.215694891002e-02
 5.409737141981e-02 7.283650504946e-02 6.432923879087e-02 4.415068147993e-02 3.463523345229e-02 3.159188723096e-02 2.900933413086e-02 2.637202493496e-02 2.637204226011e-02 2.900938203686e-02 3.159198318665e-02 3.463525616796e-02 4.415067493656e-02 6.432916041385e-02 7.283650622583e-02 5.409735171407e-02
 3.260969253976e-02 4.287837004873e-02 3.473797785708e-02 2.789595690201e-02 3.108349222193e-02 3.062203112728e-02 2.290150210659e-02 1.047044550196e-02 1.047051713575e-02 2.290161603686e-02 3.062216258244e-02 3.108347877973e-02 2.789595769097e-02 3.473810674724e-02 4.287844603498e-02 3.260967015515e-02
 1.550920632168e-02 2.172060853605e-02 2.935677886898e-02 4.263299636483e-02 5.005865376125e-02 4.830119215593e-02 3.889798301124e-02 2.808611388448e-02 2.808605451486e-02 3.889786304807e-02 4.830105560674e-02 5.005877778234e-02 4.263309756025e-02 2.935672349483e-02 2.172064356129e-02 1.550922171461e-02
 2.213868216079e-02 3.319804342068e-02 4.932347515068e-02 6.250954064301e-02 6.748397814021e-02 6.407604551226e-02 5.495991209475e-02 4.638463463809e-02 4.638460160954e-02 5.495978279585e-02 6.407595608402e-02 6.748393883576e-02 6.250947849246e-02 4.932340794787e-02 3.319801639050e-02 2.213871306116e-02
 3.562311470017e-02 4.996636587171e-02 6.361727640781e-02 7.140049761196e-02 7.326350023586e-02 6.948143994387e-02 6.243203160970e-02 5.661662392255e-02 5.661670449711e-02 6.243188924141e-02 6.948139572604e-02 7.326333974945e-02 7.140037477966e-02 6.361725666895e-02 4.996642706827e-02 3.562315309705e-02
 4.308277866202e-02 5.617906711024e-02 6.288854721010e-02 6.422767588313e-02 6.397349411026e-02 6.187898547339e-02 5.888621205638e-02 5.667898374999e-02 5.667888996208e-02 5.888618563408e-02 6.187905239893e-02 6.397334054443e-02 6.422775467663e-02 6.288856905497e-02 5.617907411130e-02 4.308278187681e-02
 4.312579212948e-02 4.809683057202e-02 4.387382826047e-02 4.118983581406e-02 4.187420117930e-02 4.398240288955e-02 4.590642176428e-02 4.695303868133e-02 4.695293665294e-02 4.590648837708e-02 4.398244492420e-02 4.187409340369e-02 4.118996123026e-02 4.387391795328e-02 4.809677219730e-02 4.312577263132e-02
 3.706124368823e-02 3.582308733287e-02 2.574590457210e-02 2.259790971000e-02 2.600463206778e-02 2.999244959959e-02 3.233475919351e-02 3.321670647309e-02 3.321671943848e-02 3.233482408073e-02 2.999245877393e-02 2.600462842889e-02 2.259791903856e-02 2.574603031269e-02 3.582316868166e-02 3.706126270683e-02
 2.966000913485e-02 2.903265401368e-02 2.080408417148e-02 1.586453031857e-02 1.773896389677e-02 2.057027319348e-02 2.212051223787e-02 2.260339900192e-02 2.260342077808e-02 2.212056002508e-02 2.057027140637e-02 1.773896785577e-02 1.586454230187e-02 2.080415254551e-02 2.903267843087e-02 2.966000789542e-02
 2.346647994379e-02 2.330373990695e-02 1.745557572268e-02 1.243339655423e-02 1.251392864507e-02 1.412457658163e-02 1.523174329631e-02 1.565744174395e-02 1.565744664480e-02 1.523176998878e-02 1.412457593480e-02 1.251392817715e-02 1.243339536802e-02 1.745558083924e-02 2.330379552040e-02 2.346652685461e-02
 1.748726075036e-02 1.630214558378e-02 1.196648764566e-02 8.587635345069e-03 8.501173777817e-03 9.485272233278e-03 1.017841555592e-02 1.043928563655e-02 1.043928995604e-02 1.017841619699e-02 9.485273551563e-03 8.501174916325e-03 8.587619306630e-03 1.196651058097e-02 1.630218047980e-02 1.748728327635e-02
 1.306957147622e-02 1.143930315220e-02 8.667126290894e-03 6.686293457417e-03 6.233016099650e-03 6.626304703865e-03 7.053254082113e-03 7.261994988712e-03 7.262001414680e-03 7.053258170765e-03 6.626298853655e-03 6.233015767361e-03 6.686296602287e-03 8.667166805455e-03 1.143927257913e-02 1.306952416633e-02
 9.779568200627e-03 8.817827099792e-03 7.393102398981e-03 6.055558469601e-03 5.209880600078e-03 4.906068999957e-03 4.906899804411e-03 4.965941529642e-03 4.965939131717e-03 4.906913642405e-03 4.906057957506e-03 5.209887351693e-03 6.055571931609e-03 7.393087721871e-03 8.817852998231e-03 9.779584047331e-03

