5.352306377625e-02 7.083491139211e-02 8.022482333060e-02 8.042558348612e-02 7.194756359864e-02 5.778178661858e-02 4.513209647482e-02 4.513206301177e-02 5.778165955395e-02 7.194756292942e-02 8.042563599085e-02 8.022483409724e-02 7.083496469801e-02 5.352304629486e-02
 6.013446296487e-02 8.612558435154e-02 1.028930598777e-01 1.046251622102e-01 9.169478261114e-02 6.749665671876e-02 4.203028398470e-02 4.203024527507e-02 6.749652597154e-02 9.169473528950e-02 1.046251091516e-01 1.028932171924e-01 8.612560049023e-02 6.013445442826e-02
 6.158064491268e-02 9.166888976201e-02 1.148136185625e-01 1.194275947599e-01 1.041763551999e-01 7.159468156224e-02 2.901257705432e-02 2.901265945437e-02 7.159465215746e-02 1.041761904592e-01 1.194274693480e-01 1.148137030169e-01 9.166893664660e-02 6.158070122873e-02
 5.966376912810e-02 9.328933015576e-02 1.226772286571e-01 1.313155103860e-01 1.162572553087e-01 7.978685434835e-02 2.864663756941e-02 2.864651236717e-02 7.978675700733e-02 1.162571853832e-01 1.313155357867e-01 1.226773744232e-01 9.328951109407e-02 5.966390502817e-02
 5.370581789111e-02 9.047874630466e-02 1.259723739178e-01 1.388057058193e-01 1.249608967662e-01 8.680707549393e-02 3.258382252356e-02 3.258372497531e-02 8.680690769953e-02 1.249609248611e-01 1.388057939080e-01 1.259723881307e-01 9.047879434327e-02 5.370580134889e-02
 4.462745568593e-02 8.475236108227e-02 1.257179884562e-01 1.420833575819e-01 1.294628250499e-01 9.029570298743e-02 3.295919938648e-02 3.295915202450e-02 9.029577073821e-02 1.294627698547e-01 1.420833994527e-01 1.257180677478e-01 8.475236742782e-02 4.462745591972e-02
 3.555611462955e-02 7.954853112853e-02 1.244381774063e-01 1.431135906205e-01 1.314743083194e-01 9.215854223011e-02 3.411911763506e-02 3.411912556420e-02 9.215848795295e-02 1.314743670581e-01 1.431136813720e-01 1.244380773084e-01 7.954844947480e-02 3.555598067336e-02
 3.239662865012e-02 7.883336565308e-02 1.249415594165e-01 1.445229663918e-01 1.339730497063e-01 9.665508396532e-02 4.589751515215e-02 4.589757082649e-02 9.665513365442e-02 1.339731056817e-01 1.445226629058e-01 1.249411658796e-01 7.883345440175e-02 3.239666975877e-02
 3.831027894565e-02 8.382587567031e-02 1.282534344289e-01 1.475746597567e-01 1.386178339098e-01 1.059122807546e-01 6.671535262837e-02 6.671544984411e-02 1.059121568148e-01 1.386177878132e-01 1.475746879187e-01 1.282531904739e-01 8.382574059645e-02 3.831044571723e-02
 4.830095718870e-02 9.159623342072e-02 1.325855587590e-01 1.509095298233e-01 1.439621105024e-01 1.171899768270e-01 8.817069421390e-02 8.817077096614e-02 1.171900299268e-01 1.439621422894e-01 1.509094676997e-01 1.325856769436e-01 9.159602920779e-02 4.830072505911e-02
 5.693357651470e-02 9.774445267878e-02 1.345302736393e-01 1.513504666088e-01 1.463423785480e-01 1.252219699264e-01 1.036848895872e-01 1.036850830840e-01 1.252219191567e-01 1.463425025435e-01 1.513504955311e-01 1.345304109473e-01 9.774432130919e-02 5.693349957694e-02
 6.143710032214e-02 9.897997845664e-02 1.310183140314e-01 1.457885542101e-01 1.421599406175e-01 1.255644371914e-01 1.092198668265e-01 1.092200283536e-01 1.255645253431e-01 1.421601251846e-01 1.457883846563e-01 1.310183709496e-01 9.898000655972e-02 6.143718064907e-02
 6.082239352087e-02 9.380908635908e-02 1.204630209743e-01 1.325273779282e-01 1.294402611275e-01 1.160178231382e-01 1.031306243844e-01 1.031305569114e-01 1.160178855456e-01 1.294404150761e-01 1.325272662602e-01 1.204630084069e-01 9.380917178036e-02 6.082246218341e-02
 5.527968861229e-02 8.233532010861e-02 1.029535990269e-01 1.116532673144e-01 1.082181726317e-01 9.666960231151e-02 8.588216734942e-02 8.588224257274e-02 9.666968295269e-02 1.082180509675e-01 1.116535054480e-01 1.029535763525e-01 8.233523281901e-02 5.527972982364e-02
 4.581161889172e-02 6.580124056540e-02 7.990671909120e-02 8.475726632002e-02 8.022566396167e-02 6.937971535937e-02 5.945061287479e-02 5.945076901431e-02 6.937982198651e-02 8.022553353409e-02 8.475749873714e-02 7.990674477514e-02 6.580110514180e-02 4.581165656122e-02
 3.388691147401e-02 4.603203415433e-02 5.358488490960e-02 5.461847284477e-02 4.875520252878e-02 3.766192253331e-02 2.668238461946e-02 2.668230620057e-02 3.766194223312e-02 4.875518705970e-02 5.461842232636e-02 5.358480464136e-02 4.603209737814e-02 3.388713476871e-02
 2.185035891852e-02 2.761228537740e-02 3.081651170793e-02 3.031320917184e-02 2.567867393145e-02 1.735088985909e-02 6.840078340055e-03 6.839958281636e-03 1.735090915965e-02 2.567872142207e-02 3.031313059992e-02 3.081645431401e-02 2.761234965718e-02 2.185045124158e-02
 1.313696158161e-02 1.585604133931e-02 1.726811851237e-02 1.674864778533e-02 1.405805930812e-02 9.406410106709e-03 3.492333041444e-03 3.492292609662e-03 9.406447987436e-03 1.405809449158e-02 1.674868656522e-02 1.726815214489e-02 1.585599362965e-02 1.313696432659e-02
 7.725553996886e-03 9.078742059228e-03 9.720322123273e-03 9.333756428236e-03 7.798871315004e-03 5.237318562732e-03 2.093231937582e-03 2.093200988920e-03 5.237355927631e-03 7.798877196384e-03 9.333795643197e-03 9.720358653228e-03 9.078704912300e-03 7.725515817015e-03
 4.401703806366e-03 5.075139232547e-03 5.365519298992e-03 5.119280689362e-03 4.282775229109e-03 2.937510460798e-03 1.411448997893e-03 1.411411336179e-03 2.937503702160e-03 4.282836767001e-03 5.119288512099e-03 5.365506404845e-03 5.075139524613e-03 4.401666264096e-03
 2.473824481412e-03 2.813222517383e-03 2.954396829987e-03 2.826087276485e-03 2.411378483819e-03 1.777395287845e-03 1.162945490853e-03 1.162890649316e-03 1.777355275519e-03 2.411389355574e-03 2.826129676571e-03 2.954403470917e-03 2.813182719483e-03 2.473790259943e-03
 1.483687667789e-03 1.657402210076e-03 1.739528979243e-03 1.698973792358e-03 1.536680509017e-03 1.302792218633e-03 1.113874222147e-03 1.113883761329e-03 1.302773423275e-03 1.536681492040e-03 1.698997076059e-03 1.739549427073e-03 1.657367469981e-03 1.483667280113e-03
 1.112862492758e-03 1.200346142526e-03 1.254273105744e-03 1.261210281760e-03 1.223841666464e-03 1.164340118966e-03 1.119174999284e-03 1.119176093196e-03 1.164309648989e-03 1.223870518192e-03 1.261256290203e-03 1.254263508036e-03 1.200337181833e-03 1.112867992194e-03
 1.053219721863e-03 1.096787357859e-03 1.128779120991e-03 1.143623391952e-03 1.141936912018e-03 1.130955708969e-03 1.121479638208e-03 1.121457905289e-03 1.130997952761e-03 1.141920726255e-03 1.143620374483e-03 1.128775818725e-03 1.096812802388e-03 1.053187141469e-03
 1.080392423961e-03 1.100058394812e-03 1.112746962756e-03 1.117167794459e-03 1.114448625636e-03 1.108302157406e-03 1.103558949607e-03 1.103561814709e-03 1.108297413333e-03 1.114445518456e-03 1.117149487337e-03 1.112756832549e-03 1.100014731740e-03 1.080374570777e-03
 1.111978627817e-03 1.113937873831e-03 1.108694498275e-03 1.097379308554e-03 1.082817623977e-03 1.069241778048e-03 1.061025516624e-03 1.061023888242e-03 1.069216885799e-03 1.082828093633e-03 1.097370092564e-03 1.108654564262e-03 1.113887944658e-03 1.111975801536e-03
 1.130452514923e-03 1.115827970632e-03 1.092517702898e-03 1.063310650768e-03 1.032984699645e-03 1.007659421565e-03 9.931050941616e-04 9.931042385991e-04 1.007651515028e-03 1.032975607334e-03 1.063279964448e-03 1.092470891255e-03 1.115828219764e-03 1.130440990198e-03
 1.135165477422e-03 1.103804847103e-03 1.061443069317e-03 1.012403170915e-03 9.635122777668e-04 9.232929392356e-04 9.004391703390e-04 9.004244355598e-04 9.233125397774e-04 9.634799121570e-04 1.012410030439e-03 1.061444837805e-03 1.103781588971e-03 1.135109859384e-03
 1.129075255498e-03 1.080785433475e-03 1.018515212531e-03 9.476698305775e-04 8.769955814387e-04 8.183442412725e-04 7.845340179513e-04 7.845594501343e-04 8.183195746597e-04 8.770193565351e-04 9.476924915272e-04 1.018517656463e-03 1.080765739023e-03 1.129081649991e-03
 1.116257507186e-03 1.051468906260e-03 9.690712500555e-04 8.748489788993e-04 7.789136523338e-04 6.968274812471e-04 6.480260307658e-04 6.480125036210e-04 6.968326927813e-04 7.789533004054e-04 8.748573174844e-04 9.690810500516e-04 1.051479007499e-03 1.116304581493e-03
 1.101284323067e-03 1.021555512532e-03 9.201686330348e-04 8.023148085827e-04 6.780826837882e-04 5.657616404855e-04 4.946202442293e-04 4.946085358204e-04 5.657917054685e-04 6.780906939179e-04 8.022984989753e-04 9.202107471088e-04 1.021609170483e-03 1.101254154959e-03
 1.088551971819e-03 9.971880800260e-04 8.800963704988e-04 7.410876591972e-04 5.882449961566e-04 4.382389574533e-04 3.301948160446e-04 3.302115750869e-04 4.382521949580e-04 5.882440760615e-04 7.411290017064e-04 8.800847090395e-04 9.971638950316e-04 1.088592820022e-03
 1.081938320573e-03 9.836772095872e-04 8.568116448791e-04 7.036794524585e-04 5.290644538937e-04 3.419251090050e-04 1.704758913522e-04 1.704817942733e-04 3.419379024017e-04 5.290704295705e-04 7.036857859999e-04 8.568004005193e-04 9.836708493627e-04 1.081953420326e-03
 1.083553218920e-03 9.844658020168e-04 8.559585986273e-04 7.000191706465e-04 5.206315284653e-04 3.240678138120e-04 1.244104907043e-04 1.244090411888e-04 3.240869733287e-04 5.206039174238e-04 7.000032383752e-04 8.559410533180e-04 9.844685062261e-04 1.083541922844e-03
 1.093366995938e-03 1.000008684717e-03 8.787108675995e-04 7.325863754806e-04 5.683260023870e-04 4.006888963139e-04 2.696435447749e-04 2.696526201836e-04 4.006320926154e-04 5.683791902872e-04 7.325216858431e-04 8.786922357354e-04 1.000028068099e-03 1.093375430394e-03
 1.109230479321e-03 1.027764816214e-03 9.213896662141e-04 7.949172021371e-04 6.582136045687e-04 5.301654995886e-04 4.456134071363e-04 4.455827818497e-04 5.301635430971e-04 6.581566330187e-04 7.949555553215e-04 9.214034612306e-04 1.027705661783e-03 1.109269687333e-03
 1.127274860377e-03 1.062621930987e-03 9.770343548543e-04 8.760253362057e-04 7.701878438399e-04 6.769853899584e-04 6.202173223908e-04 6.202259383804e-04 6.769886378158e-04 7.701864781304e-04 8.760292542826e-04 9.770684203077e-04 1.062656007473e-03 1.127234848984e-03
 1.142044993860e-03 1.098407767653e-03 1.037565130906e-03 9.646001044670e-04 8.888428069831e-04 8.241321362215e-04 7.860239179541e-04 7.860544905006e-04 8.241424304279e-04 8.888958896928e-04 9.646127032321e-04 1.037588060210e-03 1.098452102567e-03 1.142092874696e-03
 1.147481542629e-03 1.128623086826e-03 1.095655072224e-03 1.051960965537e-03 1.004600038960e-03 9.633997535276e-04 9.392295345841e-04 9.391926906664e-04 9.634476682701e-04 1.004593220495e-03 1.052046285824e-03 1.095675320509e-03 1.128672788562e-03 1.147496391311e-03
 1.138551716003e-03 1.149732243778e-03 1.148434004234e-03 1.135115671430e-03 1.113679144425e-03 1.091608167286e-03 1.077602074257e-03 1.077625694098e-03 1.091610686720e-03 1.113698917840e-03 1.135132803377e-03 1.148488065453e-03 1.149735812226e-03 1.138589853204e-03
 1.122398445080e-03 1.174330002214e-03 1.210873836582e-03 1.227071998875e-03 1.224469858176e-03 1.211791765407e-03 1.200949048436e-03 1.200983306633e-03 1.211774438175e-03 1.224493529798e-03 1.227049711075e-03 1.210898268337e-03 1.174348118614e-03 1.122408299904e-03
 1.161671001916e-03 1.278243736397e-03 1.360013007923e-03 1.393567532316e-03 1.381356932913e-03 1.343704752058e-03 1.312243355781e-03 1.312244124713e-03 1.343700175529e-03 1.381342591093e-03 1.393547662176e-03 1.359978568848e-03 1.278259676146e-03 1.161706808158e-03
 1.468492573441e-03 1.689377014938e-03 1.819367521077e-03 1.829855479378e-03 1.725301047868e-03 1.556636839722e-03 1.422667533302e-03 1.422673862053e-03 1.556657104469e-03 1.725258772045e-03 1.829789434563e-03 1.819356915498e-03 1.689361579325e-03 1.468521529137e-03
 2.383579804059e-03 2.774655310755e-03 2.969795266176e-03 2.901455115863e-03 2.561295027234e-03 2.034505293817e-03 1.567355140710e-03 1.567335632634e-03 2.034509546295e-03 2.561236531443e-03 2.901469644564e-03 2.969731545423e-03 2.774654235715e-03 2.383620086057e-03
 4.235030005430e-03 4.953467886191e-03 5.296050769730e-03 5.110636602053e-03 4.350111490105e-03 3.121361697149e-03 1.842976399299e-03 1.843013149972e-03 3.121363921417e-03 4.350123396507e-03 5.110605924460e-03 5.296009867812e-03 4.953524637057e-03 4.235079027951e-03
 7.438773430025e-03 8.822725000694e-03 9.515999578701e-03 9.198955430917e-03 7.751185274969e-03 5.312330800515e-03 2.459689221591e-03 2.459718413937e-03 5.312369574085e-03 7.751151635066e-03 9.198933455729e-03 9.516094068130e-03 8.822730137827e-03 7.438740904768e-03
 1.260290431759e-02 1.532668200949e-02 1.679728748340e-02 1.637927752826e-02 1.382109941123e-02 9.337885651598e-03 3.752339355497e-03 3.752373381925e-03 9.337834919322e-03 1.382107212166e-02 1.637935186424e-02 1.679734062834e-02 1.532658473421e-02 1.260289095761e-02
 2.069942727881e-02 2.635487621127e-02 2.952740736154e-02 2.911175238781e-02 2.466956066697e-02 1.658387795664e-02 6.109480682294e-03 6.109546324886e-03 1.658371084862e-02 2.466939356938e-02 2.911180926379e-02 2.952746040264e-02 2.635467278159e-02 2.069920346071e-02
 3.145682405679e-02 4.216396902297e-02 4.833218941772e-02 4.815467073238e-02 4.105916426668e-02 2.781541840639e-02 1.087527108002e-02 1.087526482695e-02 2.781534336888e-02 4.105900494197e-02 4.815462298386e-02 4.833214483269e-02 4.216389974540e-02 3.145687747873e-02
 4.215656231703e-02 5.859352363477e-02 6.859361686528e-02 6.919463826026e-02 5.971116979028e-02 4.156595434476e-02 1.979472223521e-02 1.979473970952e-02 4.156593325217e-02 5.971112213700e-02 6.919466899565e-02 6.859362201903e-02 5.859361810793e-02 4.215667604742e-02
 5.034776129037e-02 7.197719929405e-02 8.607019808719e-02 8.801322706639e-02 7.686688309031e-02 5.466668061634e-02 2.884394544297e-02 2.884393026531e-02 5.466680209629e-02 7.686677243477e-02 8.801336213678e-02 8.607030540979e-02 7.197713013045e-02 5.034762491355e-02
 5.462285021942e-02 8.077285102200e-02 9.910980830161e-02 1.028777840703e-01 9.077776084160e-02 6.528047615127e-02 3.561660461770e-02 3.561655750274e-02 6.528072033446e-02 9.077768862167e-02 1.028777964860e-01 9.910980171684e-02 8.077282413207e-02 5.462296366848e-02
 5.396695658410e-02 8.368358012005e-02 1.062340969513e-01 1.122302976450e-01 9.992897503328e-02 7.197901043494e-02 3.859901521450e-02 3.859895413169e-02 7.197898315150e-02 9.992893065705e-02 1.122302996786e-01 1.062341143937e-01 8.368352762723e-02 5.396688077206e-02
 4.807275222997e-02 8.015609730742e-02 1.066524450622e-01 1.151784263107e-01 1.035073104446e-01 7.419960446438e-02 3.748230340111e-02 3.748237209437e-02 7.419951184350e-02 1.035073534136e-01 1.151784322982e-01 1.066523713612e-01 8.015623630337e-02 4.807281506396e-02
 3.763091058732e-02 7.077921927053e-02 1.006688937892e-01 1.118714940202e-01 1.017349303969e-01 7.256932081741e-02 3.381366618171e-02 3.381381134371e-02 7.256932197990e-02 1.017349767786e-01 1.118715025374e-01 1.006688928337e-01 7.077930566917e-02 3.763104027201e-02
 2.499636085967e-02 5.772064932999e-02 8.996096762771e-02 1.036785473297e-01 9.594054471644e-02 6.886122215835e-02 3.144295013420e-02 3.144293325267e-02 6.886123400452e-02 9.594057228970e-02 1.036784412890e-01 8.996114723500e-02 5.772074580473e-02 2.499624711384e-02
 1.752471916365e-02 4.550945214914e-02 7.770265177336e-02 9.308214377116e-02 8.823421237435e-02 6.525074192342e-02 3.405498125614e-02 3.405493221121e-02 6.525067641771e-02 8.823412239366e-02 9.308205965028e-02 7.770263669749e-02 4.550950340794e-02 1.752482667396e-02
 2.488124196163e-02 4.118622044278e-02 6.823274426131e-02 8.315690928169e-02 8.073043521321e-02 6.285802200207e-02 4.001281478754e-02 4.001265772358e-02 6.285796839130e-02 8.073033658523e-02 8.315699527725e-02 6.823272515543e-02 4.118615405192e-02 2.488130388450e-02
 3.777596249656e-02 4.750571060229e-02 6.519097826090e-02 7.649055616990e-02 7.461852969002e-02 6.081310054092e-02 4.444092380701e-02 4.444083906593e-02 6.081312177830e-02 7.461831252312e-02 7.649040376507e-02 6.519092687948e-02 4.750582292191e-02 3.777591509257e-02
 4.885782789946e-02 5.832214430910e-02 6.839981699943e-02 7.393166674142e-02 6.992036450646e-02 5.726519839060e-02 4.373305040590e-02 4.373303730469e-02 5.726524762289e-02 6.992042963917e-02 7.393164310666e-02 6.839965208891e-02 5.832214953017e-02 4.885802547851e-02
 5.592975182279e-02 6.779102883247e-02 7.430676374807e-02 7.448608334850e-02 6.640836194923e-02 5.151213876898e-02 3.674614671549e-02 3.674617280920e-02 5.151219039699e-02 6.640853032069e-02 7.448613812687e-02 7.430667024514e-02 6.779094109974e-02 5.592983545502e-02
 5.855021397207e-02 7.345933646716e-02 7.954530383256e-02 7.657317432968e-02 6.465888432949e-02 4.571050187280e-02 2.579160566206e-02 2.579167093209e-02 4.571055239717e-02 6.465881442544e-02 7.657342932854e-02 7.954532049103e-02 7.345929837188e-02 5.855027962432e-02
 5.745763325729e-02 7.512369392799e-02 8.226733486871e-02 7.887208504903e-02 6.567839237770e-02 4.470975559588e-02 2.109477834248e-02 2.109462059273e-02 4.470974865237e-02 6.567838625059e-02 7.887216655583e-02 8.226747008031e-02 7.512377476352e-02 5.745775321426e-02
 5.008234782185e-02 6.465641277852e-02 7.085621846795e-02 6.842250179336e-02 5.772519624462e-02 4.062991805953e-02 2.256232427198e-02 2.256231263411e-02 4.062988762611e-02 5.772521743606e-02 6.842248126812e-02 7.085643024920e-02 6.465653008454e-02 5.008207880236e-02

