480, 0.000123132
479.76, 0.000125839
479.519, 0.000126237
479.279, 0.000124936
479.04, 0.000125367
478.8, 0.000128112
478.561, 0.000130062
478.322, 0.000129384
478.083, 0.000128735
477.844, 0.000130818
477.606, 0.000133896
477.368, 0.000134663
477.13, 0.000133537
476.892, 0.000134215
476.655, 0.000137672
476.418, 0.000140319
476.181, 0.000139859
475.944, 0.000139043
475.708, 0.000141528
475.472, 0.000145759
475.236, 0.000147302
475, 0.000145904
474.765, 0.000146339
474.529, 0.000150806
474.294, 0.000154974
474.059, 0.000154864
473.825, 0.000153262
473.591, 0.00015599
473.356, 0.000162084
473.123, 0.000165118
472.889, 0.000163265
472.655, 0.000162763
472.422, 0.0001685
472.189, 0.000175365
471.957, 0.00017612
471.724, 0.000173048
471.492, 0.000175394
471.26, 0.000184449
471.028, 0.000190458
470.796, 0.000188062
470.565, 0.000185303
470.334, 0.00019251
470.103, 0.000204212
469.872, 0.000207225
469.642, 0.00020138
469.412, 0.000201854
469.182, 0.000215733
468.952, 0.000228076
468.722, 0.000225367
468.493, 0.000217235
468.264, 0.000225548
468.035, 0.000247077
467.807, 0.000256113
467.578, 0.000244661
467.35, 0.000238174
467.122, 0.00026101
466.894, 0.000289124
466.667, 0.000288139
466.439, 0.00026468
466.212, 0.000269289
465.985, 0.000315808
465.759, 0.000346462
465.532, 0.000323459
465.306, 0.000284267
465.08, 0.000320385
464.854, 0.000404081
464.629, 0.000429773
464.403, 0.000361861
464.178, 0.000299958
463.953, 0.000409605
463.729, 0.000554596
463.504, 0.000567786
463.28, 0.000411903
463.056, 0.000303461
462.832, 0.000569476
462.609, 0.000827162
462.385, 0.000834741
462.162, 0.000527398
461.939, 0.000279592
461.716, 0.000865181
461.494, 0.00135857
461.272, 0.00141914
461.05, 0.000898125
460.828, 0.000204877
460.606, 0.00149498
460.385, 0.0026276
460.163, 0.00304626
459.942, 0.00227397
459.722, 0.000194734
459.501, 0.00408995
459.281, 0.010573
459.06, 0.0258927
458.84, 0.0452415
458.621, 0.00158546
458.401, 0.0042201
458.182, 0.00525972
457.963, 0.00433319
457.744, 0.00249092
457.525, 0.000511573
457.307, 0.00103265
457.088, 0.00182245
456.87, 0.00181969
456.652, 0.00122108
456.435, 0.000383086
456.217, 0.000505711
456, 0.000964453
455.783, 0.00102228
455.566, 0.000736509
455.35, 0.000332798
455.133, 0.000376906
454.917, 0.000614257
454.701, 0.000647048
454.485, 0.000488629
454.269, 0.000301324
454.054, 0.000337904
453.839, 0.000447675
453.624, 0.000449149
453.409, 0.000353289
453.195, 0.000274328
452.98, 0.000307107
452.766, 0.000353492
452.552, 0.000336232
452.338, 0.000276943
452.125, 0.000249772
451.911, 0.000274906
451.698, 0.000289955
451.485, 0.000266387
451.272, 0.000231706
451.06, 0.000227489
450.847, 0.000243486
450.635, 0.000242731
450.423, 0.000220438
450.212, 0.000202689
450, 0.000206952
449.789, 0.00021459
449.577, 0.000206407
449.366, 0.000188966
449.156, 0.000182077
448.945, 0.000187746
448.735, 0.0001889
448.525, 0.000178228
448.315, 0.00016658
448.105, 0.000165744
447.895, 0.000169738
447.686, 0.000166521
447.477, 0.00015628
447.268, 0.000149797
447.059, 0.000151546
446.85, 0.000152943
446.642, 0.000147272
446.434, 0.000138953
446.226, 0.000136346
446.018, 0.000138497
445.81, 0.000137384
445.603, 0.000130857
445.395, 0.000124966
445.188, 0.000124757
444.981, 0.000126154
444.775, 0.00012311
444.568, 0.000116709
444.362, 0.000113168
444.156, 0.000114193
443.95, 0.000114338
443.744, 0.0001099
443.539, 0.000104246
443.333, 0.000102731
443.128, 0.000104184
442.923, 0.000102872
442.718, 9.74741e-05
442.514, 9.29125e-05
442.309, 9.31498e-05
442.105, 9.44696e-05
441.901, 9.14936e-05
441.697, 8.52808e-05
441.494, 8.23076e-05
441.29, 8.42575e-05
441.087, 8.48005e-05
440.884, 7.9518e-05
440.681, 7.28058e-05
440.478, 7.24733e-05
440.276, 7.62342e-05
440.074, 7.46614e-05
439.871, 6.58634e-05
439.669, 5.9748e-05
439.468, 6.45136e-05
439.266, 6.94807e-05
439.065, 6.29868e-05
438.863, 4.87273e-05
438.662, 4.78759e-05
438.462, 6.14885e-05
438.261, 6.47149e-05
438.06, 4.76489e-05
437.86, 2.72066e-05
437.66, 4.82685e-05
437.46, 6.97477e-05
437.26, 6.28737e-05
437.061, 2.46304e-05
436.861, 3.35607e-05
436.662, 8.29054e-05
436.463, 9.84481e-05
436.264, 6.5144e-05
436.066, 2.12425e-05
435.867, 0.000104886
435.669, 0.000164477
435.471, 0.000158066
435.273, 7.55949e-05
435.075, 8.91465e-05
434.877, 0.000239609
434.68, 0.000331786
434.483, 0.00030009
434.286, 0.000125684
434.089, 0.000218392
433.892, 0.000559017
433.696, 0.000800726
433.499, 0.000779693
433.303, 0.000355227
433.107, 0.000703935
432.911, 0.00263115
432.716, 0.00827531
432.52, 0.0117277
432.325, 0.00119958
432.13, 0.000713487
431.935, 0.00132343
431.74, 0.00128723
431.546, 0.000886051
431.351, 0.000355859
431.157, 0.000215929
430.963, 0.000508867
430.769, 0.00060097
430.576, 0.000498669
430.382, 0.000290165
430.189, 0.000166994
429.996, 0.000285118
429.803, 0.000382227
429.61, 0.000386192
429.417, 0.000304481
429.225, 0.000173599
429.032, 0.000144873
428.84, 0.000287921
428.648, 0.000397299
428.456, 0.00038917
428.265, 0.000232298
428.073, 7.87021e-05
427.882, 0.000385894
427.691, 0.000598044
427.5, 0.000561808
427.309, 0.000313161
427.119, 0.000387034
426.928, 0.000581509
426.738, 0.000526961
426.548, 0.000279246
426.358, 7.93017e-05
426.168, 0.000276732
425.979, 0.000364319
425.789, 0.000308224
425.6, 0.000158121
425.411, 8.05216e-05
425.222, 0.00019963
425.033, 0.000257106
424.845, 0.000230249
424.656, 0.000157656
424.468, 0.000131512
424.28, 0.000177957
424.092, 0.000208081
423.904, 0.000195658
423.717, 0.00016479
423.529, 0.000156964
423.342, 0.000174945
423.155, 0.000186535
422.968, 0.000180354
422.781, 0.000169263
422.595, 0.000168348
422.408, 0.000174971
422.222, 0.000178196
422.036, 0.000175809
421.85, 0.000173026
421.664, 0.000173123
421.479, 0.000175028
421.293, 0.000176836
421.108, 0.00017793
420.923, 0.000176929
420.738, 0.000174616
420.553, 0.000175525
420.369, 0.000181341
420.184, 0.00018531
420, 0.000180397
419.816, 0.000172707
419.632, 0.000177486
419.448, 0.000193417
419.264, 0.000199252
419.081, 0.000183154
418.898, 0.000164665
418.714, 0.000180873
418.531, 0.000217097
418.349, 0.000225773
418.166, 0.000187698
417.983, 0.000143548
417.801, 0.000186061
417.619, 0.000262384
417.437, 0.000280576
417.255, 0.000206094
417.073, 8.88321e-05
416.892, 0.000217266
416.71, 0.000386791
416.529, 0.000435239
416.348, 0.000288064
416.167, 0.000284627
415.986, 0.000645544
415.805, 0.000570039
415.625, 0.000222674
415.445, 0.000139309
415.265, 0.000342014
415.085, 0.000397398
414.905, 0.00032091
414.725, 0.000188272
414.545, 0.000190511
414.366, 0.000308995
414.187, 0.00036788
414.008, 0.000328982
413.829, 0.000236794
413.65, 0.000241383
413.472, 0.00035405
413.293, 0.000417836
413.115, 0.000369974
412.937, 0.000258141
412.759, 0.000297268
412.581, 0.000466044
412.403, 0.00054755
412.226, 0.000457302
412.048, 0.000258449
411.871, 0.00037664
411.694, 0.000682682
411.517, 0.000824157
411.34, 0.000674587
411.164, 0.00026713
410.987, 0.000517109
410.811, 0.00112913
410.635, 0.00146825
410.459, 0.00129358
410.283, 0.000500526
410.107, 0.00087591
409.932, 0.00252832
409.756, 0.00406042
409.581, 0.00488774
409.406, 0.00384712
409.231, 0.0316936
409.056, 0.0107866
408.881, 0.00658599
408.707, 0.00373676
408.532, 0.00136861
408.358, 0.00040594
408.184, 0.00142378
408.01, 0.0016909
407.836, 0.00134788
407.663, 0.000649116
407.489, 0.000113697
407.316, 0.000688568
407.143, 0.00092369
406.97, 0.000794189
406.797, 0.000393191
406.624, 0.000117872
406.452, 0.000534266
406.279, 0.000725934
406.107, 0.000634857
405.935, 0.000332317
405.763, 0.000304545
405.591, 0.000662885
405.419, 0.00086965
405.248, 0.000833055
405.076, 0.000677729
404.905, 0.000780248
404.734, 0.00115278
404.563, 0.00146338
404.392, 0.00159009
404.221, 0.00166995
404.051, 0.00200168
403.88, 0.00265318
403.71, 0.0034484
403.54, 0.0043664
403.37, 0.00579608
403.2, 0.00840311
403.03, 0.0109788
402.861, 0.00916293
402.691, 0.00626836
402.522, 0.00457222
402.353, 0.00359488
402.184, 0.00285195
402.015, 0.00221582
401.846, 0.00176753
401.678, 0.00154185
401.509, 0.00139728
401.341, 0.0011917
401.173, 0.000928794
401.005, 0.000726899
400.837, 0.000666672
400.669, 0.000648748
400.502, 0.00056019
400.334, 0.000402762
400.167, 0.00027104
400, 0.000259904


