6.450620076363e-01 7.298103264892e-01 9.218759938180e-01 1.135891946491e+00 1.322255487790e+00 1.456478317929e+00 1.526240260723e+00 1.526240306159e+00 1.456478317890e+00 1.322255603132e+00 1.135891979553e+00 9.218759716682e-01 7.298101983184e-01 6.450619743950e-01
 1.154410047375e+00 1.489383371703e+00 1.911573853161e+00 2.322859859582e+00 2.662130553410e+00 2.900511868082e+00 3.022990961181e+00 3.022991032134e+00 2.900511811328e+00 2.662130531573e+00 2.322859938007e+00 1.911573802800e+00 1.489383156173e+00 1.154410061606e+00
 1.710682917698e+00 2.470694137465e+00 3.198007978084e+00 3.841026579426e+00 4.353421487783e+00 4.707983946732e+00 4.888907124688e+00 4.888907001595e+00 4.707983971451e+00 4.353421401664e+00 3.841026433575e+00 3.198007886356e+00 2.470694156536e+00 1.710683015410e+00
 2.114235946248e+00 3.147069341700e+00 4.091650679044e+00 4.900480788904e+00 5.534908619000e+00 5.970140680730e+00 6.191240535578e+00 6.191240501331e+00 5.970140519253e+00 5.534908549767e+00 4.900480590300e+00 4.091650590132e+00 3.147069253382e+00 2.114236007170e+00
 2.333762341959e+00 3.502057207259e+00 4.553542852357e+00 5.443489208371e+00 6.136630964643e+00 6.609967298827e+00 6.849787064240e+00 6.849787055109e+00 6.609967070879e+00 6.136630938208e+00 5.443488930695e+00 4.553542906738e+00 3.502057029979e+00 2.333762282545e+00
 2.368010795487e+00 3.549978314919e+00 4.603295797621e+00 5.490742608260e+00 6.179556339847e+00 6.648671423710e+00 6.885935829817e+00 6.885935763263e+00 6.648671365474e+00 6.179556203259e+00 5.490742415171e+00 4.603295826929e+00 3.549978328631e+00 2.368010741605e+00
 2.239982865653e+00 3.338086929821e+00 4.307753006245e+00 5.123097102233e+00 5.754490327505e+00 6.183553380560e+00 6.400216396955e+00 6.400216534893e+00 6.183553288441e+00 5.754490181312e+00 5.123097142905e+00 4.307752798874e+00 3.338086984298e+00 2.239983010780e+00
 1.989239653754e+00 2.936432778548e+00 3.763886092357e+00 4.458623386883e+00 4.995193245210e+00 5.358793475285e+00 5.542011618786e+00 5.542011628646e+00 5.358793335735e+00 4.995193337254e+00 4.458623322077e+00 3.763886162999e+00 2.936432709394e+00 1.989239759464e+00
 1.663193738040e+00 2.424460488291e+00 3.079961400909e+00 3.628917383250e+00 4.050965904846e+00 4.335581475432e+00 4.478476071081e+00 4.478475973152e+00 4.335581419107e+00 4.050965920175e+00 3.628917313714e+00 3.079961537270e+00 2.424460412756e+00 1.663193736616e+00
 1.308982318881e+00 1.878512764145e+00 2.358777160835e+00 2.758573989934e+00 3.063117171889e+00 3.266510553481e+00 3.367877283835e+00 3.367877248026e+00 3.266510524854e+00 3.063117102592e+00 2.758574010732e+00 2.358777272911e+00 1.878512710669e+00 1.308982330619e+00
 9.670969790185e-01 1.362301349613e+00 1.685217293566e+00 1.950168843950e+00 2.147845974006e+00 2.276964870879e+00 2.340202096990e+00 2.340202012554e+00 2.276964601536e+00 2.147846031140e+00 1.950168743583e+00 1.685217333766e+00 1.362301408011e+00 9.670968834707e-01
 6.673801881581e-01 9.211300642698e-01 1.118869046347e+00 1.275444031031e+00 1.386221402206e+00 1.454187602145e+00 1.485718979554e+00 1.485719096794e+00 1.454187433871e+00 1.386221281250e+00 1.275444088993e+00 1.118868905680e+00 9.211300423373e-01 6.673802231934e-01
 4.275653439376e-01 5.798497331489e-01 6.913301905817e-01 7.720558357096e-01 8.204761594355e-01 8.431741408071e-01 8.505932892743e-01 8.505933155246e-01 8.431741850312e-01 8.204760081901e-01 7.720558024682e-01 6.913303535139e-01 5.798496275643e-01 4.275654145670e-01
 2.543659256073e-01 3.441153792055e-01 4.068759947480e-01 4.437811384719e-01 4.542374467318e-01 4.470782356560e-01 4.372814124609e-01 4.372813603119e-01 4.470782514087e-01 4.542374993760e-01 4.437810479237e-01 4.068760937638e-01 3.441154097426e-01 2.543659804762e-01
 1.470215347731e-01 2.039965940002e-01 2.442127324194e-01 2.606421892419e-01 2.525171039127e-01 2.283722745245e-01 2.064966022186e-01 2.064965365260e-01 2.283723586418e-01 2.525171954720e-01 2.606421949824e-01 2.442127123912e-01 2.039966779994e-01 1.470215989485e-01
 9.939723915194e-02 1.367105932497e-01 1.610277376214e-01 1.653110656341e-01 1.494775874270e-01 1.192236185448e-01 9.047967752344e-02 9.047957915129e-02 1.192236168754e-01 1.494776170333e-01 1.653111447545e-01 1.610277031463e-01 1.367106789892e-01 9.939726926728e-02
 8.640578315828e-02 1.065666689638e-01 1.158818920243e-01 1.132036584809e-01 9.964572312235e-02 7.934548084032e-02 6.184770047487e-02 6.184771563429e-02 7.934547848845e-02 9.964572619608e-02 1.132037016161e-01 1.158818949532e-01 1.065666576194e-01 8.640573681931e-02
 8.068884499403e-02 9.176818845899e-02 9.631503080839e-02 9.348751918536e-02 8.446474993434e-02 7.253205438012e-02 6.346341337105e-02 6.346343224136e-02 7.253205887221e-02 8.446474145646e-02 9.348751545465e-02 9.631498374468e-02 9.176816318670e-02 8.068880989672e-02
 7.818131723966e-02 8.521183697046e-02 8.803296485944e-02 8.603309986658e-02 8.012840990376e-02 7.273153591333e-02 6.745054146005e-02 6.745054299739e-02 7.273154480575e-02 8.012839546121e-02 8.603311328320e-02 8.803295055185e-02 8.521177513658e-02 7.818130457905e-02
 7.640818653510e-02 8.115065326550e-02 8.300052205983e-02 8.163654832439e-02 7.776774937159e-02 7.308683551717e-02 6.986152183059e-02 6.986152859262e-02 7.308685935001e-02 7.776779640112e-02 8.163653469412e-02 8.300053232082e-02 8.115066654510e-02 7.640816639652e-02
 7.395634266915e-02 7.721544886813e-02 7.838863994836e-02 7.736251760781e-02 7.469721320658e-02 7.157910271697e-02 6.948207922353e-02 6.948213438686e-02 7.157912145185e-02 7.469724755871e-02 7.736256711045e-02 7.838864233347e-02 7.721551349148e-02 7.395635198594e-02
 7.031252042370e-02 7.247850369857e-02 7.308011266860e-02 7.213230742250e-02 7.009470583529e-02 6.782824392722e-02 6.634182084707e-02 6.634181308710e-02 6.782832385554e-02 7.009473173003e-02 7.213232600331e-02 7.308017650182e-02 7.247851611637e-02 7.031259084460e-02
 6.537590866224e-02 6.665562983509e-02 6.672504360548e-02 6.567360411199e-02 6.389639906917e-02 6.205313950887e-02 6.088057722928e-02 6.088059536109e-02 6.205315012872e-02 6.389642706683e-02 6.567361566577e-02 6.672505825587e-02 6.665565169663e-02 6.537593777335e-02
 5.928360785065e-02 5.980881019475e-02 5.937379930824e-02 5.811092289620e-02 5.637394059863e-02 5.470097161264e-02 5.367092008064e-02 5.367091993938e-02 5.470096367503e-02 5.637394261694e-02 5.811092283005e-02 5.937376351905e-02 5.980879984407e-02 5.928359953208e-02
 5.230808133475e-02 5.218889560710e-02 5.129099427316e-02 4.977028084151e-02 4.795339243936e-02 4.630667909334e-02 4.532055295878e-02 4.532053737910e-02 4.630666765293e-02 4.795338366592e-02 4.977026694293e-02 5.129094112013e-02 5.218887712258e-02 5.230806015470e-02
 4.478563661849e-02 4.413815557297e-02 4.284502958494e-02 4.107182797394e-02 3.912519433774e-02 3.742994527889e-02 3.643288958664e-02 3.643288211950e-02 3.742995439835e-02 3.912515961393e-02 4.107182027969e-02 4.284504618867e-02 4.413810151374e-02 4.478561816446e-02
 3.706318792565e-02 3.602347673345e-02 3.443617524490e-02 3.246329503041e-02 3.039120301776e-02 2.862025709643e-02 2.758474957225e-02 2.758476670817e-02 2.862025353401e-02 3.039122155440e-02 3.246329732840e-02 3.443619157246e-02 3.602346999534e-02 3.706317592322e-02
 2.945547211599e-02 2.818576418003e-02 2.644314235358e-02 2.437142710388e-02 2.222788731034e-02 2.039199758539e-02 1.930879035492e-02 1.930881414081e-02 2.039199639688e-02 2.222791104158e-02 2.437145908032e-02 2.644313535681e-02 2.818579650544e-02 2.945544440796e-02
 2.220921995309e-02 2.089662402856e-02 1.917649574873e-02 1.715923964252e-02 1.505397044405e-02 1.320388925300e-02 1.207765274573e-02 1.207761099419e-02 1.320392534864e-02 1.505397261896e-02 1.715923683885e-02 1.917653298740e-02 2.089662658950e-02 2.220923173626e-02
 1.547826029156e-02 1.432251527203e-02 1.283390977471e-02 1.107858442062e-02 9.193175325886e-03 7.440131026773e-03 6.290270260163e-03 6.290275866218e-03 7.440138323976e-03 9.193185483492e-03 1.107858642716e-02 1.283391555495e-02 1.432251997148e-02 1.547827903646e-02
 9.337426474553e-03 8.521371802223e-03 7.473844863346e-03 6.220628226336e-03 4.818102611986e-03 3.387569524510e-03 2.267619145932e-03 2.267632355085e-03 3.387558393857e-03 4.818115021890e-03 6.220613370677e-03 7.473815690678e-03 8.521420445366e-03 9.337443860768e-03
 4.120096068207e-03 3.735300951973e-03 3.241190393335e-03 2.644609723285e-03 1.959189999372e-03 1.204997465403e-03 4.078143470715e-04 4.078324868819e-04 1.204972168731e-03 1.959207802130e-03 2.644610182977e-03 3.241182595176e-03 3.735309782073e-03 4.120113917255e-03
 4.164769717047e-03 3.774960886293e-03 3.274947732265e-03 2.671726858539e-03 1.979005370931e-03 1.216962743988e-03 4.113002223555e-04 4.112722848379e-04 1.216921728586e-03 1.979002684557e-03 2.671730953411e-03 3.274962786118e-03 3.774958679436e-03 4.164774577561e-03
 9.394069150266e-03 8.569794566292e-03 7.512235140493e-03 6.247226233942e-03 4.830442394518e-03 3.381781596938e-03 2.240342091001e-03 2.240333707744e-03 3.381798439133e-03 4.830393321037e-03 6.247220140471e-03 7.512281738181e-03 8.569755585935e-03 9.394046509056e-03
 1.552977106119e-02 1.436272115684e-02 1.286038266213e-02 1.108849106202e-02 9.183342884630e-03 7.408057542268e-03 6.239680211632e-03 6.239664750518e-03 7.408038113590e-03 9.183359811425e-03 1.108851333284e-02 1.286035949135e-02 1.436268431384e-02 1.552977428859e-02
 2.225097472320e-02 2.092368551546e-02 1.918592988995e-02 1.714806695249e-02 1.501976674493e-02 1.314674158790e-02 1.200456609709e-02 1.200458558477e-02 1.314673864063e-02 1.501975548994e-02 1.714806221286e-02 1.918592602314e-02 2.092369861186e-02 2.225095221962e-02
 2.948407608070e-02 2.819634409267e-02 2.643262928497e-02 2.433722952844e-02 2.216886133728e-02 2.031034705560e-02 1.921280021225e-02 1.921283786647e-02 2.031030363854e-02 2.216883865094e-02 2.433726900046e-02 2.643259310763e-02 2.819630481509e-02 2.948409776442e-02
 3.707536398801e-02 3.601435774904e-02 3.440316144502e-02 3.240446581497e-02 3.030652328456e-02 2.851340472482e-02 2.746457396033e-02 2.746452182015e-02 2.851338982540e-02 3.030653806607e-02 3.240441322717e-02 3.440318284140e-02 3.601439123585e-02 3.707534562653e-02
 4.477745369482e-02 4.410592528915e-02 4.278656599577e-02 4.098603443363e-02 3.901310190446e-02 3.729601592454e-02 3.628630747136e-02 3.628630178563e-02 3.729600647318e-02 3.901308201642e-02 4.098605062156e-02 4.278655793853e-02 4.410590978475e-02 4.477753115870e-02
 5.227523412479e-02 5.212949167522e-02 5.120349581405e-02 4.965443760078e-02 4.781104590846e-02 4.614284592098e-02 4.514440046819e-02 4.514443752308e-02 4.614284294371e-02 4.781099719929e-02 4.965443264274e-02 5.120352413562e-02 5.212954091451e-02 5.227524156627e-02
 5.922177683215e-02 5.971816899705e-02 5.925360897049e-02 5.796161882111e-02 5.619783812004e-02 5.450353133560e-02 5.346129849580e-02 5.346130781142e-02 5.450351300520e-02 5.619783219274e-02 5.796163392150e-02 5.925359886557e-02 5.971820220926e-02 5.922177805034e-02
 6.528265119755e-02 6.653176389881e-02 6.657027179651e-02 6.548875239760e-02 6.368392088560e-02 6.181849245005e-02 6.063328455886e-02 6.063328971335e-02 6.181847793025e-02 6.368391376777e-02 6.548875070862e-02 6.657029261805e-02 6.653177331460e-02 6.528264531205e-02
 7.019220611791e-02 7.232658692123e-02 7.289598175656e-02 7.191581551906e-02 6.984760366188e-02 6.755562154413e-02 6.605406274816e-02 6.605405227335e-02 6.755564538796e-02 6.984758037151e-02 7.191581643771e-02 7.289600337449e-02 7.232657547487e-02 7.019223287269e-02
 7.383176530222e-02 7.706052068864e-02 7.819968601826e-02 7.713595078978e-02 7.443095189346e-02 7.127660841681e-02 6.915687578848e-02 6.915684524138e-02 7.127659447663e-02 7.443096646004e-02 7.713597811965e-02 7.819968302653e-02 7.706055574335e-02 7.383177520803e-02
 7.634552939173e-02 8.106484860189e-02 8.287917473914e-02 8.146545094420e-02 7.753374213398e-02 7.278702087990e-02 6.951639531489e-02 6.951637651534e-02 7.278701323177e-02 7.753376523691e-02 8.146545949814e-02 8.287921177702e-02 8.106486695712e-02 7.634552813395e-02
 7.833868257308e-02 8.536772524990e-02 8.815691087857e-02 8.608490056652e-02 8.006387214269e-02 7.252477334187e-02 6.713434973922e-02 6.713437080560e-02 7.252479438036e-02 8.006384967107e-02 8.608491110782e-02 8.815692936969e-02 8.536772231938e-02 7.833869373092e-02
 8.138606099558e-02 9.251734041483e-02 9.706250015549e-02 9.413389423137e-02 8.488471311774e-02 7.262623427743e-02 6.327056733291e-02 6.327056860536e-02 7.262625819247e-02 8.488473228100e-02 9.413389392880e-02 9.706248420320e-02 9.251732090951e-02 8.138605184688e-02
 8.831132287107e-02 1.087109616895e-01 1.181880272580e-01 1.153808907068e-01 1.013395002468e-01 8.024274750677e-02 6.191725434640e-02 6.191726021284e-02 8.024284829707e-02 1.013395556126e-01 1.153808905559e-01 1.181880124345e-01 1.087109411918e-01 8.831133265220e-02
 1.029879274979e-01 1.418767160656e-01 1.671702642469e-01 1.716794027843e-01 1.554874643949e-01 1.246240471512e-01 9.552516032469e-02 9.552522246484e-02 1.246241588637e-01 1.554874852540e-01 1.716795358713e-01 1.671702136036e-01 1.418767327556e-01 1.029880411721e-01
 1.506049564657e-01 2.113864063596e-01 2.548404710660e-01 2.734176068662e-01 2.668609454740e-01 2.441109901514e-01 2.233662950951e-01 2.233662815640e-01 2.441109945202e-01 2.668609809460e-01 2.734177043715e-01 2.548405339962e-01 2.113865363107e-01 1.506048854527e-01
 2.568680137523e-01 3.524195135047e-01 4.212944197140e-01 4.631345689441e-01 4.776511185683e-01 4.736818818344e-01 4.657740887058e-01 4.657741422878e-01 4.736818475439e-01 4.776510857856e-01 4.631345840702e-01 4.212944896879e-01 3.524196181475e-01 2.568679098894e-01
 4.295226009946e-01 5.898243194155e-01 7.105047660766e-01 7.991622015011e-01 8.541754457313e-01 8.817762315589e-01 8.918656112390e-01 8.918657686332e-01 8.817760385133e-01 8.541754793057e-01 7.991620953681e-01 7.105049893902e-01 5.898243525623e-01 4.295224538749e-01
 6.698494325087e-01 9.347207510878e-01 1.145325009320e+00 1.313128910438e+00 1.433192053846e+00 1.507918905703e+00 1.543044678074e+00 1.543044376969e+00 1.507918959119e+00 1.433192044279e+00 1.313128857683e+00 1.145325178787e+00 9.347206826623e-01 6.698494408542e-01
 9.712511572064e-01 1.381777700877e+00 1.722021758661e+00 2.001969759556e+00 2.211920747239e+00 2.349865437258e+00 2.417745461672e+00 2.417745227630e+00 2.349865539584e+00 2.211920649948e+00 2.001969861893e+00 1.722021726887e+00 1.381777776756e+00 9.712512540934e-01
 1.315928632065e+00 1.905932558152e+00 2.408672890969e+00 2.827645770828e+00 3.147700436102e+00 3.362136606108e+00 3.469271844804e+00 3.469271849783e+00 3.362136559179e+00 3.147700500396e+00 2.827645804900e+00 2.408672964020e+00 1.905932594949e+00 1.315928531891e+00
 1.673785063905e+00 2.461183354858e+00 3.144588430478e+00 3.717013844784e+00 4.157836489001e+00 4.455701330446e+00 4.605478150739e+00 4.605478060130e+00 4.455701418506e+00 4.157836472569e+00 3.717013859895e+00 3.144588489291e+00 2.461183338510e+00 1.673784955306e+00
 2.003874149077e+00 2.982639943667e+00 3.843040829721e+00 4.565150074906e+00 5.123401445445e+00 5.502187734829e+00 5.693256097845e+00 5.693256055730e+00 5.502187749571e+00 5.123401535824e+00 4.565150107474e+00 3.843040807212e+00 2.982639828322e+00 2.003874058933e+00
 2.258428111098e+00 3.392391931766e+00 4.398813366659e+00 5.244390960372e+00 5.899532527780e+00 6.345122103182e+00 6.570292926729e+00 6.570293078169e+00 6.345121994580e+00 5.899532706584e+00 5.244390856971e+00 4.398813382346e+00 3.392391787914e+00 2.258428143280e+00
 2.389304650217e+00 3.609253242898e+00 4.700998551197e+00 5.619813584102e+00 6.333095673839e+00 6.819143304050e+00 7.065093815506e+00 7.065093671386e+00 6.819143538415e+00 6.333095547012e+00 5.619813697822e+00 4.700998472878e+00 3.609253156342e+00 2.389304734287e+00
 2.356233244060e+00 3.561579377303e+00 4.650266777516e+00 5.570418600960e+00 6.286984457534e+00 6.776452530804e+00 7.024521862120e+00 7.024521486182e+00 6.776452883399e+00 6.286984406049e+00 5.570418635693e+00 4.650266841200e+00 3.561579249269e+00 2.356233218493e+00
 2.135666681684e+00 3.201023601046e+00 4.178258599890e+00 5.013533522782e+00 5.668372287197e+00 6.117601331767e+00 6.345837703058e+00 6.345837769188e+00 6.117601341381e+00 5.668372409754e+00 5.013533497215e+00 4.178258645050e+00 3.201023543192e+00 2.135666726134e+00
 1.728650153891e+00 2.512968777373e+00 3.265131663534e+00 3.928349975401e+00 4.456285175324e+00 4.821458406484e+00 5.007774214175e+00 5.007774096481e+00 4.821458566790e+00 4.456285084756e+00 3.928350194582e+00 3.265131474297e+00 2.512968748430e+00 1.728650319697e+00
 1.167005881609e+00 1.514470881900e+00 1.951050983857e+00 2.374453096867e+00 2.723018032870e+00 2.967698544846e+00 3.093362133732e+00 3.093361933608e+00 2.967698802810e+00 2.723017878153e+00 2.374453195376e+00 1.951050894997e+00 1.514470875954e+00 1.167005924239e+00
 6.518317666193e-01 7.414929844915e-01 9.400974114477e-01 1.159799643161e+00 1.350552274677e+00 1.487755085169e+00 1.559024959186e+00 1.559025104807e+00 1.487755064070e+00 1.350552258440e+00 1.159799674847e+00 9.400974109410e-01 7.414929833381e-01 6.518317074135e-01

