3.202596144244e-01 3.513989249972e-01 3.753182940622e-01 3.979488360533e-01 4.206051665764e-01 4.415051153312e-01 4.576957419520e-01 4.665367672577e-01 4.665367682972e-01 4.576957128488e-01 4.415051096299e-01 4.206051628262e-01 3.979488318794e-01 3.753182747976e-01 3.513989305087e-01 3.202595954370e-01
 4.837823484371e-01 5.310813165628e-01 5.546287879404e-01 5.843208728847e-01 6.207836498351e-01 6.576847464374e-01 6.873540277395e-01 7.037765609164e-01 7.037765395150e-01 6.873540059620e-01 6.576847261152e-01 6.207836486968e-01 5.843208620409e-01 5.546287691298e-01 5.310812769980e-01 4.837823097931e-01
 6.860095771721e-01 7.759345871403e-01 8.182836336729e-01 8.600214341347e-01 9.209385622954e-01 9.842431991205e-01 1.035120241234e+00 1.063171405915e+00 1.063171368278e+00 1.035120238817e+00 9.842431681662e-01 9.209385743566e-01 8.600214151902e-01 8.182836212526e-01 7.759345346205e-01 6.860095436635e-01
 9.890536796705e-01 1.169224261156e+00 1.263656505034e+00 1.346454239608e+00 1.460491182903e+00 1.574988778857e+00 1.664966193981e+00 1.713959199938e+00 1.713959158646e+00 1.664966204297e+00 1.574988750589e+00 1.460491179877e+00 1.346454226140e+00 1.263656481659e+00 1.169224226769e+00 9.890536549119e-01
 1.400997220331e+00 1.693544539813e+00 1.833880402130e+00 1.987759486889e+00 2.189252678536e+00 2.385199943910e+00 2.536061438816e+00 2.617286557540e+00 2.617286486453e+00 2.536061458327e+00 2.385199901485e+00 2.189252649795e+00 1.987759493862e+00 1.833880405965e+00 1.693544513841e+00 1.400997207539e+00
 1.981239637828e+00 2.492097992547e+00 2.771236585238e+00 3.104574816481e+00 3.477693737036e+00 3.817427999831e+00 4.070721172445e+00 4.205028048266e+00 4.205027899929e+00 4.070721138151e+00 3.817427966057e+00 3.477693685278e+00 3.104574807148e+00 2.771236633720e+00 2.492097924234e+00 1.981239604046e+00
 2.676897591674e+00 3.680806315226e+00 4.464339345912e+00 5.167064496443e+00 5.843936201756e+00 6.414133583270e+00 6.822522645766e+00 7.034905197653e+00 7.034905528495e+00 6.822522256014e+00 6.414133718619e+00 5.843936030197e+00 5.167064526582e+00 4.464339378153e+00 3.680806184439e+00 2.676897539345e+00
 3.298471468962e+00 4.854741228258e+00 6.272258194602e+00 7.388043176079e+00 8.390552646567e+00 9.199427844513e+00 9.764223546808e+00 1.005403522860e+01 1.005403533074e+01 9.764223461202e+00 9.199427835973e+00 8.390552396178e+00 7.388043289444e+00 6.272258168686e+00 4.854741227105e+00 3.298471487432e+00
 3.732089243107e+00 5.628473083126e+00 7.429635784068e+00 8.831134841857e+00 1.005505274721e+01 1.102503461712e+01 1.169446520403e+01 1.203568198937e+01 1.203568162968e+01 1.169446536462e+01 1.102503452848e+01 1.005505264766e+01 8.831134762369e+00 7.429635668910e+00 5.628473181838e+00 3.732089311449e+00
 3.918962053875e+00 5.967952717552e+00 7.932624488024e+00 9.456924673962e+00 1.077597535560e+01 1.181377849918e+01 1.252611079873e+01 1.288795523943e+01 1.288795557036e+01 1.252611049618e+01 1.181377874336e+01 1.077597515952e+01 9.456924679322e+00 7.932624394703e+00 5.967952717344e+00 3.918962096212e+00
 3.855238655768e+00 5.891650711357e+00 7.836002866174e+00 9.336646917851e+00 1.063256454437e+01 1.164939393070e+01 1.234552469226e+01 1.269849534365e+01 1.269849543153e+01 1.234552472622e+01 1.164939415800e+01 1.063256427037e+01 9.336646976161e+00 7.836002816529e+00 5.891650668562e+00 3.855238672114e+00
 3.576671785121e+00 5.468894725750e+00 7.255184136261e+00 8.621919559969e+00 9.802624451297e+00 1.072813727697e+01 1.136084911738e+01 1.168129141046e+01 1.168129127112e+01 1.136084922191e+01 1.072813742383e+01 9.802624476361e+00 8.621919536058e+00 7.255183973899e+00 5.468894675580e+00 3.576671814069e+00
 3.143256335795e+00 4.801280332623e+00 6.342228583571e+00 7.507084699332e+00 8.514231375557e+00 9.303166304884e+00 9.841834270308e+00 1.011435000468e+01 1.011435034501e+01 9.841834051048e+00 9.303166548223e+00 8.514231358808e+00 7.507084817085e+00 6.342228470303e+00 4.801280334771e+00 3.143256359358e+00
 2.624016702789e+00 4.000680842420e+00 5.256684407812e+00 6.191515425447e+00 6.999998929275e+00 7.632514763957e+00 8.063603216486e+00 8.281368731888e+00 8.281368514665e+00 8.063603461668e+00 7.632514736374e+00 6.999999055155e+00 6.191515370840e+00 5.256684495912e+00 4.000680933160e+00 2.624016715169e+00
 2.084051546821e+00 3.170096703648e+00 4.140721870339e+00 4.849384265206e+00 5.461553961663e+00 5.939179897437e+00 6.263681324421e+00 6.427201663278e+00 6.427201377440e+00 6.263681518890e+00 5.939179771616e+00 5.461554033470e+00 4.849384283524e+00 4.140721872833e+00 3.170096601506e+00 2.084051552603e+00
 1.575520100034e+00 2.390558607338e+00 3.102954202596e+00 3.611008899132e+00 4.048256159763e+00 4.387555428251e+00 4.616769505085e+00 4.731774055403e+00 4.731774433252e+00 4.616769055252e+00 4.387555787036e+00 4.048255840687e+00 3.611009029452e+00 3.102954128069e+00 2.390558438938e+00 1.575520039622e+00
 1.133208273303e+00 1.715078257079e+00 2.211929092312e+00 2.556290516255e+00 2.850266883251e+00 3.076043010543e+00 3.226968412842e+00 3.302090520036e+00 3.302090504273e+00 3.226968396823e+00 3.076042944333e+00 2.850266871155e+00 2.556290344009e+00 2.211929048674e+00 1.715078230858e+00 1.133208193020e+00
 7.742711474929e-01 1.168897576074e+00 1.497879080399e+00 1.718054909298e+00 1.903074431282e+00 2.042398894691e+00 2.133650859760e+00 2.178354198257e+00 2.178353981121e+00 2.133651197731e+00 2.042398699625e+00 1.903074392500e+00 1.718054744059e+00 1.497879011857e+00 1.168897489066e+00 7.742710809207e-01
 5.010295008790e-01 7.541900317219e-01 9.599533609301e-01 1.091649192415e+00 1.199032577923e+00 1.276746999875e+00 1.325449462492e+00 1.348445159022e+00 1.348445448109e+00 1.325449268360e+00 1.276747336241e+00 1.199032470465e+00 1.091649309273e+00 9.599533348154e-01 7.541899245560e-01 5.010294279993e-01
 3.054361451447e-01 4.569629954028e-01 5.756816664377e-01 6.468661171280e-01 7.013188240425e-01 7.370581545358e-01 7.567268670734e-01 7.648739044217e-01 7.648737524662e-01 7.567271638040e-01 7.370581262213e-01 7.013190799962e-01 6.468661591290e-01 5.756816953465e-01 4.569629273674e-01 3.054360917038e-01
 1.740262600991e-01 2.540330505218e-01 3.093326893564e-01 3.389599264473e-01 3.566369659613e-01 3.628906784650e-01 3.617774978367e-01 3.590717922222e-01 3.590714844333e-01 3.617778820931e-01 3.628906121581e-01 3.566370331092e-01 3.389600071704e-01 3.093328225314e-01 2.540332650784e-01 1.740263164416e-01
 9.174231445979e-02 1.269905556382e-01 1.460196175457e-01 1.537485967277e-01 1.535678023008e-01 1.464023075569e-01 1.359299100285e-01 1.280901209187e-01 1.280902966052e-01 1.359297556582e-01 1.464024642691e-01 1.535676882524e-01 1.537486906979e-01 1.460196456745e-01 1.269907729773e-01 9.174242624077e-02
 4.804262373044e-02 6.265020298238e-02 7.069344070258e-02 7.304499666967e-02 7.094466807492e-02 6.481008523953e-02 5.670385669551e-02 5.057039806847e-02 5.057050816955e-02 5.670376911769e-02 6.481015229172e-02 7.094462313882e-02 7.304499392340e-02 7.069337619857e-02 6.265021649004e-02 4.804264967249e-02
 3.001340257814e-02 3.635379275330e-02 4.053770769174e-02 4.180107577560e-02 4.064938567712e-02 3.740522733140e-02 3.321259494137e-02 3.010563250215e-02 3.010566421323e-02 3.321255121113e-02 3.740521230465e-02 4.064936109194e-02 4.180105173153e-02 4.053766447550e-02 3.635377213715e-02 3.001342658261e-02
 2.368320623742e-02 2.650472278415e-02 2.844339315875e-02 2.888544711093e-02 2.802030168111e-02 2.613151293260e-02 2.389986112747e-02 2.234315213356e-02 2.234316575796e-02 2.389984038523e-02 2.613148880650e-02 2.802029470303e-02 2.888543545372e-02 2.844336822851e-02 2.650472025174e-02 2.368320828174e-02
 2.110370555171e-02 2.258213124128e-02 2.352615786646e-02 2.371917865554e-02 2.317852483886e-02 2.212186508890e-02 2.095516603690e-02 2.018323615897e-02 2.018323140490e-02 2.095515668829e-02 2.212186928471e-02 2.317852461231e-02 2.371917783319e-02 2.352611211330e-02 2.258214109798e-02 2.110367003300e-02
 1.924441377532e-02 2.021651208265e-02 2.085054365969e-02 2.103386784500e-02 2.078305747050e-02 2.023876731392e-02 1.963843997600e-02 1.924749293818e-02 1.924749617044e-02 1.963845225170e-02 2.023876500787e-02 2.078303857444e-02 2.103390008339e-02 2.085051728470e-02 2.021644759233e-02 1.924439711454e-02
 1.729738681200e-02 1.799957632759e-02 1.846687353071e-02 1.864363066378e-02 1.854590061397e-02 1.826386929010e-02 1.794114732368e-02 1.772991349558e-02 1.772991303448e-02 1.794113918431e-02 1.826389116023e-02 1.854590879663e-02 1.864361636872e-02 1.846689931671e-02 1.799953339343e-02 1.729733280282e-02
 1.511784189391e-02 1.563313458674e-02 1.597956427314e-02 1.612989724888e-02 1.609897902507e-02 1.594643587842e-02 1.576274983740e-02 1.564103609107e-02 1.564104691563e-02 1.576274769587e-02 1.594643224690e-02 1.609902638993e-02 1.612990061556e-02 1.597954522968e-02 1.563314640233e-02 1.511779591092e-02
 1.274826433392e-02 1.311154412105e-02 1.335164956853e-02 1.345586631008e-02 1.343793798519e-02 1.333920115021e-02 1.322009840912e-02 1.314133103119e-02 1.314131852327e-02 1.322012138550e-02 1.333919613664e-02 1.343794103180e-02 1.345593020102e-02 1.335163619454e-02 1.311154521406e-02 1.274824916819e-02
 1.029705598016e-02 1.052807230017e-02 1.066908934369e-02 1.071509249576e-02 1.067873679576e-02 1.059106447006e-02 1.049522519209e-02 1.043394676115e-02 1.043393925957e-02 1.049519581575e-02 1.059108290370e-02 1.067874160865e-02 1.071506458299e-02 1.066915057399e-02 1.052803698310e-02 1.029704759453e-02
 7.896502623996e-03 8.012631102885e-03 8.062996926059e-03 8.047070416836e-03 7.976868476784e-03 7.877494205190e-03 7.782488197403e-03 7.724634608407e-03 7.724663131482e-03 7.782469692414e-03 7.877459640784e-03 7.976877665403e-03 8.047071218249e-03 8.062975192618e-03 8.012628386737e-03 7.896504443964e-03
 5.681357929899e-03 5.702479551081e-03 5.675489592113e-03 5.602112222242e-03 5.493920507059e-03 5.372552156898e-03 5.266873751878e-03 5.205144954937e-03 5.205129864489e-03 5.266880075405e-03 5.372552122969e-03 5.493885719549e-03 5.602121752682e-03 5.675480716387e-03 5.702492136468e-03 5.681355768483e-03
 3.772490049279e-03 3.724615409353e-03 3.640463960777e-03 3.522383113030e-03 3.380864267825e-03 3.235759199141e-03 3.114162217390e-03 3.044156073598e-03 3.044154818818e-03 3.114166835742e-03 3.235755058057e-03 3.380894141471e-03 3.522375884503e-03 3.640473381920e-03 3.724591295278e-03 3.772508978326e-03
 2.259977636587e-03 2.178011826040e-03 2.067360370750e-03 1.928761956946e-03 1.769551381028e-03 1.606337981673e-03 1.466309794017e-03 1.383314598557e-03 1.383288676392e-03 1.466332525498e-03 1.606359446218e-03 1.769568714548e-03 1.928756528452e-03 2.067370674455e-03 2.178032534400e-03 2.259981020003e-03
 1.177488292658e-03 1.105318140824e-03 1.012996216049e-03 8.980314287891e-04 7.611283803472e-04 6.083157341500e-04 4.560606556267e-04 3.453483531726e-04 3.453552775059e-04 4.560443083433e-04 6.083162238333e-04 7.611450854769e-04 8.980467568392e-04 1.012977129384e-03 1.105300334412e-03 1.177507295180e-03
 5.358429143061e-04 4.932434699448e-04 4.449782462921e-04 3.894896984707e-04 3.263694565116e-04 2.573925975576e-04 1.888278179114e-04 1.380370296252e-04 1.380405598077e-04 1.888338823263e-04 2.574398037273e-04 3.263576700444e-04 3.894434612421e-04 4.449776198789e-04 4.932568686453e-04 5.358257128685e-04
 8.019758151751e-04 7.328723946736e-04 6.532925493292e-04 5.646920563355e-04 4.697680196123e-04 3.732454373279e-04 2.846711485228e-04 2.250612165287e-04 2.250423811396e-04 2.846888530788e-04 3.732448139600e-04 4.698029670668e-04 5.647277252608e-04 6.532528089355e-04 7.328314336157e-04 8.019883250551e-04
 1.819645045161e-03 1.749762304202e-03 1.663148907536e-03 1.563817547634e-03 1.459040588034e-03 1.359904375523e-03 1.280664790540e-03 1.236046299393e-03 1.236068329167e-03 1.280633324231e-03 1.359899170393e-03 1.459075366640e-03 1.563803810182e-03 1.663101038526e-03 1.749762520777e-03 1.819635268746e-03
 3.318357533475e-03 3.291431021234e-03 3.240507885488e-03 3.169644424737e-03 3.087117634199e-03 3.005156203140e-03 2.938490823956e-03 2.900978897509e-03 2.900962105175e-03 2.938519660260e-03 3.005161633003e-03 3.087098302831e-03 3.169646087637e-03 3.240489284443e-03 3.291400701736e-03 3.318349753281e-03
 5.256336337248e-03 5.307655149288e-03 5.323403190009e-03 5.306181596611e-03 5.263955214879e-03 5.210197145211e-03 5.161198971909e-03 5.132041949832e-03 5.132071390973e-03 5.161182560740e-03 5.210223020142e-03 5.263984073032e-03 5.306146919744e-03 5.323414529745e-03 5.307635857770e-03 5.256346635788e-03
 7.557384606321e-03 7.714108515493e-03 7.818934581295e-03 7.871786175746e-03 7.880439598891e-03 7.860065698918e-03 7.830388355080e-03 7.809882374048e-03 7.809854761658e-03 7.830395574768e-03 7.860082020852e-03 7.880431132450e-03 7.871808290295e-03 7.818923768818e-03 7.714102365501e-03 7.557356275967e-03
 1.010994310315e-02 1.039319627831e-02 1.060313010001e-02 1.073576462309e-02 1.079875674204e-02 1.081074123479e-02 1.079717175217e-02 1.078283322134e-02 1.078284126370e-02 1.079717442672e-02 1.081071842496e-02 1.079875703359e-02 1.073577359987e-02 1.060309712319e-02 1.039319218735e-02 1.010991601969e-02
 1.277906752168e-02 1.320537480120e-02 1.353087834901e-02 1.374625762944e-02 1.385877831864e-02 1.389336589083e-02 1.388573552005e-02 1.387093515614e-02 1.387094482830e-02 1.388569473275e-02 1.389338806311e-02 1.385876562011e-02 1.374618862065e-02 1.353090531103e-02 1.320533722700e-02 1.277904935779e-02
 1.541615837925e-02 1.599898466475e-02 1.644640923723e-02 1.673937477034e-02 1.688574308523e-02 1.692077394589e-02 1.689755337075e-02 1.686933573433e-02 1.686933545821e-02 1.689755506155e-02 1.692075100490e-02 1.688570300201e-02 1.673936467899e-02 1.644636721422e-02 1.599897482305e-02 1.541614553609e-02
 1.786732393138e-02 1.862125618417e-02 1.919467525128e-02 1.955156878245e-02 1.970024583536e-02 1.969417031588e-02 1.961636363714e-02 1.955089584479e-02 1.955089113363e-02 1.961636325340e-02 1.969413859636e-02 1.970024974029e-02 1.955155417235e-02 1.919464515649e-02 1.862126203327e-02 1.786731887485e-02
 1.998219922567e-02 2.093117715920e-02 2.163986850746e-02 2.203748303286e-02 2.213340355213e-02 2.201336361745e-02 2.181189870099e-02 2.166707166066e-02 2.166706477552e-02 2.181190123685e-02 2.201337906401e-02 2.213340960642e-02 2.203746735200e-02 2.163987721966e-02 2.093118652073e-02 1.998219425443e-02
 2.162801730497e-02 2.282983646709e-02 2.370928644965e-02 2.411393687623e-02 2.406249852468e-02 2.369905938987e-02 2.324825109795e-02 2.294582407899e-02 2.294585020506e-02 2.324827365080e-02 2.369907603512e-02 2.406249783413e-02 2.411393832470e-02 2.370927439044e-02 2.282983412163e-02 2.162803224959e-02
 2.276452097869e-02 2.439783434883e-02 2.557928169536e-02 2.593513825850e-02 2.555364124126e-02 2.468711597131e-02 2.372285939624e-02 2.309121500360e-02 2.309122703876e-02 2.372287527405e-02 2.468715311727e-02 2.555364695861e-02 2.593512598959e-02 2.557927348335e-02 2.439782556382e-02 2.276449655086e-02
 2.391976914686e-02 2.660887512515e-02 2.835573164474e-02 2.847463457483e-02 2.735507619127e-02 2.537724647236e-02 2.321067059026e-02 2.175559335499e-02 2.175561291682e-02 2.321070633755e-02 2.537727614041e-02 2.735505876346e-02 2.847459985417e-02 2.835569985824e-02 2.660885301078e-02 2.391975388087e-02
 2.839551085791e-02 3.391050050066e-02 3.664425882810e-02 3.604577533810e-02 3.317785966725e-02 2.841566679733e-02 2.277305291590e-02 1.843565990154e-02 1.843565681648e-02 2.277307972072e-02 2.841568162030e-02 3.317782251877e-02 3.604572360576e-02 3.664421228654e-02 3.391048311190e-02 2.839552795858e-02
 4.613289801028e-02 5.891051267715e-02 6.382304160561e-02 6.161076476839e-02 5.484483499923e-02 4.380231290114e-02 2.947809153042e-02 1.498530914909e-02 1.498523713275e-02 2.947809360986e-02 4.380233172289e-02 5.484483833678e-02 6.161075203392e-02 6.382302133290e-02 5.891052290849e-02 4.613291125648e-02
 9.216862071489e-02 1.207837288951e-01 1.305508799425e-01 1.262935929869e-01 1.114246478343e-01 8.754549288217e-02 5.627501793790e-02 2.074356910292e-02 2.074357737891e-02 5.627502288644e-02 8.754551438835e-02 1.114246638201e-01 1.262935570637e-01 1.305507908020e-01 1.207837007241e-01 9.216865496834e-02
 1.774919898558e-01 2.445595210919e-01 2.684016768985e-01 2.542070405431e-01 2.223078744585e-01 1.740630950468e-01 1.123451639850e-01 4.448608488867e-02 4.448609126662e-02 1.123452864716e-01 1.740630433054e-01 2.223078553404e-01 2.542069889638e-01 2.684015373239e-01 2.445595422863e-01 1.774920657020e-01
 3.121234798982e-01 4.428616888219e-01 4.898938526379e-01 4.559297591911e-01 3.960220124819e-01 3.106778203865e-01 2.056911055216e-01 1.006259046263e-01 1.006259758090e-01 2.056912557555e-01 3.106777515358e-01 3.960219137036e-01 4.559297943538e-01 4.898937064110e-01 4.428616956667e-01 3.121235689288e-01
 5.098053730920e-01 7.257765362822e-01 8.022683690731e-01 7.437956372532e-01 6.462505859138e-01 5.125026188246e-01 3.551577178867e-01 2.144614032455e-01 2.144615597343e-01 3.551577658529e-01 5.125025575191e-01 6.462505458438e-01 7.437956143679e-01 8.022682293880e-01 7.257765382718e-01 5.098054669764e-01
 7.827543382061e-01 1.114183028170e+00 1.230488527746e+00 1.140892844274e+00 9.963653651909e-01 8.042706349832e-01 5.884758844997e-01 4.138543616316e-01 4.138543382231e-01 5.884758509852e-01 8.042705752710e-01 9.963654576455e-01 1.140892813855e+00 1.230488504362e+00 1.114183123004e+00 7.827544071514e-01
 1.138205689393e+00 1.619441901970e+00 1.788771869551e+00 1.662675056041e+00 1.463784049550e+00 1.206245032745e+00 9.288861092591e-01 7.209706709714e-01 7.209705677670e-01 9.288861987147e-01 1.206245018364e+00 1.463783966060e+00 1.662675115495e+00 1.788771923413e+00 1.619441883997e+00 1.138205705383e+00
 1.573211865901e+00 2.237871255324e+00 2.474776675055e+00 2.309831628227e+00 2.053017408712e+00 1.727349550262e+00 1.388855326649e+00 1.148880982613e+00 1.148880993084e+00 1.388855450979e+00 1.727349509175e+00 2.053017309752e+00 2.309831585604e+00 2.474776729011e+00 2.237871228308e+00 1.573211844621e+00
 2.070223286009e+00 2.944819041969e+00 3.263053354353e+00 3.061528516877e+00 2.748939789853e+00 2.358643974184e+00 1.964387144849e+00 1.696000620729e+00 1.696000606755e+00 1.964387091094e+00 2.358643982624e+00 2.748939634647e+00 3.061528442842e+00 3.263053356700e+00 2.944819070717e+00 2.070223253307e+00
 2.594456217001e+00 3.690868488819e+00 4.100493811838e+00 3.870382293763e+00 3.511305918376e+00 3.067497731546e+00 2.629066082520e+00 2.339410822160e+00 2.339410913289e+00 2.629065949406e+00 3.067497651836e+00 3.511305795021e+00 3.870382336798e+00 4.100493776669e+00 3.690868342723e+00 2.594456175014e+00
 3.094351086066e+00 4.402225016505e+00 4.905982288782e+00 4.660899725347e+00 4.271932638512e+00 3.793585222156e+00 3.329018261167e+00 3.028908273167e+00 3.028908374760e+00 3.329018200146e+00 3.793585098479e+00 4.271932752019e+00 4.660899795605e+00 4.905982257081e+00 4.402224916058e+00 3.094351049987e+00
 3.506177194442e+00 4.986812637427e+00 5.575945708081e+00 5.333055212683e+00 4.936314825951e+00 4.448696017340e+00 3.981241665719e+00 3.684421281850e+00 3.684421304386e+00 3.981241503980e+00 4.448696183390e+00 4.936314840741e+00 5.333055294580e+00 5.575945719977e+00 4.986812710753e+00 3.506177159288e+00
 3.763128910391e+00 5.346542383143e+00 5.996431757734e+00 5.772026107312e+00 5.391259657458e+00 4.922566312610e+00 4.478084029260e+00 4.199769268689e+00 4.199769342570e+00 4.478083829739e+00 4.922566465442e+00 5.391259675784e+00 5.772026069090e+00 5.996431864975e+00 5.346542512963e+00 3.763128853123e+00
 3.808238502300e+00 5.394592806602e+00 6.060556475854e+00 5.863783627173e+00 5.519216918517e+00 5.096229528256e+00 4.699924047931e+00 4.455029471940e+00 4.455029474821e+00 4.699924111881e+00 5.096229458438e+00 5.519216966420e+00 5.863783550735e+00 6.060556600505e+00 5.394592915807e+00 3.808238426885e+00
 3.609435911932e+00 5.074323628683e+00 5.687476338184e+00 5.514432084351e+00 5.218460336348e+00 4.862754803803e+00 4.536266990678e+00 4.337828882625e+00 4.337828847572e+00 4.536267039476e+00 4.862754915663e+00 5.218460223025e+00 5.514432198961e+00 5.687476431112e+00 5.074323565734e+00 3.609435840952e+00
 3.174789849416e+00 4.372485280437e+00 4.834226212743e+00 4.669749636179e+00 4.426700329503e+00 4.153007968327e+00 3.912762742090e+00 3.770952373075e+00 3.770952428703e+00 3.912762749854e+00 4.153008047618e+00 4.426700356874e+00 4.669749751427e+00 4.834226346588e+00 4.372485274282e+00 3.174789814942e+00
 2.568174632734e+00 3.306179041213e+00 3.478519686804e+00 3.334300464535e+00 3.145193741294e+00 2.961841066819e+00 2.818733021092e+00 2.740410769755e+00 2.740410823476e+00 2.818733007961e+00 2.961840881949e+00 3.145193847094e+00 3.334300469014e+00 3.478519721187e+00 3.306179150828e+00 2.568174654685e+00
 1.890063845626e+00 2.245218970947e+00 2.209887368874e+00 2.067104626044e+00 1.924271187674e+00 1.815295731367e+00 1.747101465317e+00 1.715508437545e+00 1.715508428530e+00 1.747101364985e+00 1.815295627504e+00 1.924271187889e+00 2.067104666373e+00 2.209887342087e+00 2.245218985916e+00 1.890063862025e+00
 1.315756531882e+00 1.531052281447e+00 1.490112443685e+00 1.353549759292e+00 1.248392500336e+00 1.178386812838e+00 1.139517671270e+00 1.123300956341e+00 1.123300948565e+00 1.139517645144e+00 1.178386823465e+00 1.248392512320e+00 1.353549778591e+00 1.490112438482e+00 1.531052288234e+00 1.315756536571e+00
 9.126133617539e-01 1.046564983719e+00 1.023108514562e+00 9.250577241326e-01 8.520993762251e-01 8.036033616503e-01 7.763161853983e-01 7.647392278138e-01 7.647392394643e-01 7.763161972849e-01 8.036033886411e-01 8.520993937646e-01 9.250577344092e-01 1.023108506624e+00 1.046564973932e+00 9.126133710552e-01
 6.154248025882e-01 6.766036102794e-01 6.541914586832e-01 5.942947039890e-01 5.490592292861e-01 5.191151137471e-01 5.025989101184e-01 4.957730809197e-01 4.957731083188e-01 5.025989001150e-01 5.191151662650e-01 5.490592176939e-01 5.942947181066e-01 6.541914486693e-01 6.766036213019e-01 6.154248075252e-01
 4.166845461167e-01 4.386518336826e-01 4.245739137872e-01 3.982209528369e-01 3.737797337614e-01 3.563158802977e-01 3.462787559150e-01 3.420160583030e-01 3.420160691548e-01 3.462787418211e-01 3.563159052500e-01 3.737797155087e-01 3.982209640212e-01 4.245739136292e-01 4.386518654252e-01 4.166845646975e-01
 2.621319987537e-01 2.743460405053e-01 2.730516461341e-01 2.643162263130e-01 2.539083715266e-01 2.452022039935e-01 2.394757517955e-01 2.367569250682e-01 2.367569155290e-01 2.394757746682e-01 2.452021826504e-01 2.539083915355e-01 2.643162111627e-01 2.730516507233e-01 2.743460191207e-01 2.621320096001e-01

