4.235795632042e-01 4.696764621833e-01 5.115066831140e-01 5.529225130668e-01 5.922644869292e-01 6.261262620044e-01 6.509957624572e-01 6.641572167421e-01 6.641572069362e-01 6.509957752783e-01 6.261262685693e-01 5.922644992203e-01 5.529225164792e-01 5.115066733920e-01 4.696764618428e-01 4.235795716870e-01
 5.818998405973e-01 6.459616694942e-01 6.955572611798e-01 7.558364746797e-01 8.182623103161e-01 8.741354815269e-01 9.158896068093e-01 9.381439074474e-01 9.381439197781e-01 9.158896123561e-01 8.741354933714e-01 8.182623192632e-01 7.558364644117e-01 6.955572459061e-01 6.459616751755e-01 5.818998418429e-01
 7.606192527939e-01 8.591342105979e-01 9.444804137703e-01 1.039781304276e+00 1.140561311188e+00 1.231076586515e+00 1.298577874394e+00 1.334463093875e+00 1.334463109472e+00 1.298577888185e+00 1.231076614784e+00 1.140561323818e+00 1.039781284975e+00 9.444804000151e-01 8.591342358110e-01 7.606192509255e-01
 1.019543433173e+00 1.200692557688e+00 1.363686337851e+00 1.532698438391e+00 1.707525088084e+00 1.861956276014e+00 1.975697032618e+00 2.035710873133e+00 2.035710862795e+00 1.975697064785e+00 1.861956319270e+00 1.707525095144e+00 1.532698435325e+00 1.363686343138e+00 1.200692573026e+00 1.019543448478e+00
 1.362701974739e+00 1.652434122185e+00 1.888673728493e+00 2.163339358360e+00 2.449047321650e+00 2.698240102819e+00 2.879574551582e+00 2.974542202399e+00 2.974542175973e+00 2.879574563187e+00 2.698240190518e+00 2.449047293951e+00 2.163339375759e+00 1.888673709740e+00 1.652434111272e+00 1.362701997122e+00
 1.824058572859e+00 2.324142723592e+00 2.728340547177e+00 3.207288091400e+00 3.690067718185e+00 4.099131663705e+00 4.391474537780e+00 4.543127134564e+00 4.543127071167e+00 4.391474600854e+00 4.099131743160e+00 3.690067677275e+00 3.207288170134e+00 2.728340495548e+00 2.324142717618e+00 1.824058579928e+00
 2.381062199789e+00 3.303570015151e+00 4.223805174523e+00 5.126081782037e+00 5.952429132721e+00 6.623023485669e+00 7.092173331808e+00 7.333081702588e+00 7.333081685806e+00 7.092173459464e+00 6.623023342289e+00 5.952429096091e+00 5.126081953326e+00 4.223805119747e+00 3.303570033670e+00 2.381062205678e+00
 2.890177034148e+00 4.267666096040e+00 5.830781853427e+00 7.224178790513e+00 8.425932202674e+00 9.375219723397e+00 1.003046469695e+01 1.036475511670e+01 1.036475513929e+01 1.003046476608e+01 9.375219661865e+00 8.425932172306e+00 7.224178802578e+00 5.830781882531e+00 4.267666190227e+00 2.890177069777e+00
 3.258685353097e+00 4.937884668433e+00 6.910088098213e+00 8.645413980237e+00 1.011287809659e+01 1.125932774263e+01 1.204566709405e+01 1.244551217619e+01 1.244551220507e+01 1.204566712907e+01 1.125932780987e+01 1.011287804937e+01 8.645413939793e+00 6.910088218193e+00 4.937884732723e+00 3.258685391547e+00
 3.446812883865e+00 5.279280073471e+00 7.449569402060e+00 9.353167686121e+00 1.095391797035e+01 1.219973113116e+01 1.305204199197e+01 1.348479523609e+01 1.348479529770e+01 1.305204212775e+01 1.219973109591e+01 1.095391790954e+01 9.353167728213e+00 7.449569491364e+00 5.279280077560e+00 3.446812895040e+00
 3.448096242276e+00 5.298594850747e+00 7.482244186004e+00 9.392908170450e+00 1.099922816847e+01 1.224868911330e+01 1.310298548576e+01 1.353656000822e+01 1.353656003484e+01 1.310298550809e+01 1.224868915730e+01 1.099922823410e+01 9.392907941200e+00 7.482244309475e+00 5.298594882294e+00 3.448096256892e+00
 3.280690016160e+00 5.037138143409e+00 7.087163318570e+00 8.874837541147e+00 1.038104996713e+01 1.155382540854e+01 1.235602347513e+01 1.276321514334e+01 1.276321527626e+01 1.235602340169e+01 1.155382539180e+01 1.038105028673e+01 8.874837268491e+00 7.087163406524e+00 5.037138179468e+00 3.280690032505e+00
 2.979731796072e+00 4.559992528025e+00 6.374423796069e+00 7.949017530750e+00 9.280372374111e+00 1.031890997893e+01 1.102997594583e+01 1.139107788273e+01 1.139107795475e+01 1.102997608825e+01 1.031890985272e+01 9.280372568635e+00 7.949017601725e+00 6.374423895057e+00 4.559992575332e+00 2.979731807136e+00
 2.589418659836e+00 3.943481673360e+00 5.465950856724e+00 6.778454726953e+00 7.893131407754e+00 8.764717645820e+00 9.362259072444e+00 9.665911593078e+00 9.665911477253e+00 9.362259189022e+00 8.764717515832e+00 7.893131394159e+00 6.778454959096e+00 5.465950947649e+00 3.943481745899e+00 2.589418700914e+00
 2.155486138786e+00 3.263318192147e+00 4.477748235436e+00 5.515483748399e+00 6.401396733512e+00 7.096060055703e+00 7.573056712473e+00 7.815648061197e+00 7.815648085395e+00 7.573056626590e+00 7.096059969987e+00 6.401396772695e+00 5.515483795624e+00 4.477748302569e+00 3.263318274837e+00 2.155486201396e+00
 1.719032198689e+00 2.585251962934e+00 3.506683270467e+00 4.284864211988e+00 4.953166430991e+00 5.478898080382e+00 5.840552448837e+00 6.024654996807e+00 6.024655197727e+00 5.840552394582e+00 5.478897887038e+00 4.953166465609e+00 4.284864149630e+00 3.506683239769e+00 2.585252087745e+00 1.719032274507e+00
 1.312343317111e+00 1.959187665601e+00 2.623029161837e+00 3.174851461580e+00 3.652005975999e+00 4.028769583679e+00 4.288486115621e+00 4.420836935972e+00 4.420837029781e+00 4.288486103886e+00 4.028769447307e+00 3.652005995154e+00 3.174851339507e+00 2.623029122232e+00 1.959187749456e+00 1.312343363132e+00
 9.569346399698e-01 1.416898723643e+00 1.868541540315e+00 2.235637898230e+00 2.555617765593e+00 2.809377650136e+00 2.984718164181e+00 3.074176597714e+00 3.074176698743e+00 2.984718156451e+00 2.809377659721e+00 2.555617859102e+00 2.235637633424e+00 1.868541604764e+00 1.416898792275e+00 9.569346692279e-01
 6.636004355324e-01 9.727881432408e-01 1.258811422017e+00 1.483263277413e+00 1.680918535805e+00 1.838508001871e+00 1.947691621444e+00 2.003465827221e+00 2.003465910728e+00 1.947691734163e+00 1.838508057411e+00 1.680918625762e+00 1.483263033450e+00 1.258811460279e+00 9.727881069078e-01 6.636004461434e-01
 4.339899958277e-01 6.267479380184e-01 7.880137178829e-01 9.064500321451e-01 1.012482407022e+00 1.097631511681e+00 1.156786281328e+00 1.187028452411e+00 1.187028376516e+00 1.156786417680e+00 1.097631573143e+00 1.012482581292e+00 9.064498400161e-01 7.880137823519e-01 6.267479067662e-01 4.339899942649e-01
 2.631454424976e-01 3.681358597383e-01 4.339847844384e-01 4.743244496816e-01 5.116551230094e-01 5.417121232969e-01 5.624376495379e-01 5.729501437781e-01 5.729501392063e-01 5.624377747253e-01 5.417121003569e-01 5.116553109247e-01 4.743244133760e-01 4.339848251607e-01 3.681358519089e-01 2.631454601922e-01
 1.421522075565e-01 1.882978837376e-01 2.042621911770e-01 2.061747240290e-01 2.065546700575e-01 2.053446668044e-01 2.034394852903e-01 2.020601413875e-01 2.020601602248e-01 2.034395748581e-01 2.053447133377e-01 2.065546932360e-01 2.061746741664e-01 2.042621836293e-01 1.882978787677e-01 1.421522156274e-01
 6.944530212308e-02 8.836732693974e-02 9.391082138884e-02 9.121703655042e-02 8.578795961607e-02 7.890078365433e-02 7.229049700110e-02 6.812974825593e-02 6.812972918670e-02 7.229050353300e-02 7.890081678450e-02 8.578794828520e-02 9.121700465805e-02 9.391082630191e-02 8.836735372295e-02 6.944530698600e-02
 3.158142974707e-02 3.998990245385e-02 4.323467275896e-02 4.220647515860e-02 3.920411161995e-02 3.496725940144e-02 3.061503978079e-02 2.772168161886e-02 2.772168098228e-02 3.061505327522e-02 3.496727028362e-02 3.920409111535e-02 4.220646553950e-02 4.323470535556e-02 3.998992594995e-02 3.158141939823e-02
 1.305403391041e-02 1.648583331652e-02 1.823904408082e-02 1.826422096677e-02 1.717243768786e-02 1.529100283227e-02 1.318735509636e-02 1.171659455852e-02 1.171658080384e-02 1.318737546863e-02 1.529101053619e-02 1.717242369495e-02 1.826422688550e-02 1.823906883457e-02 1.648586146401e-02 1.305403137634e-02
 5.507781118870e-03 6.612197955892e-03 7.444202860150e-03 7.851566216818e-03 7.811699330998e-03 7.423357262810e-03 6.897573051201e-03 6.519310411529e-03 6.519307897904e-03 6.897565291999e-03 7.423368229244e-03 7.811705788836e-03 7.851565680361e-03 7.444211827936e-03 6.612199699386e-03 5.507760072319e-03
 3.919286643803e-03 3.782994919465e-03 3.768674324841e-03 3.777699702111e-03 3.722489989364e-03 3.580763122544e-03 3.399818356671e-03 3.270771001925e-03 3.270794932479e-03 3.399803957360e-03 3.580776191274e-03 3.722493722856e-03 3.777706517600e-03 3.768685251563e-03 3.782983007571e-03 3.919289669305e-03
 4.678534614700e-03 4.322383027415e-03 3.947927214164e-03 3.547820239001e-03 3.121987946330e-03 2.690622781886e-03 2.308229082437e-03 2.069978020984e-03 2.069966157732e-03 2.308215852818e-03 2.690607127323e-03 3.121987659794e-03 3.547843725822e-03 3.947949567558e-03 4.322396148143e-03 4.678556238605e-03
 6.094412731241e-03 5.908625768549e-03 5.685678856718e-03 5.428968355588e-03 5.154674439989e-03 4.892851631939e-03 4.683252427341e-03 4.565602204813e-03 4.565588481339e-03 4.683230918839e-03 4.892826105601e-03 5.154669877222e-03 5.428977679494e-03 5.685689184162e-03 5.908632967084e-03 6.094427636813e-03
 7.755739683631e-03 7.766886433141e-03 7.745130346882e-03 7.691648331787e-03 7.615432413708e-03 7.532604833817e-03 7.462503922972e-03 7.422359652625e-03 7.422355733123e-03 7.462491387318e-03 7.532585410039e-03 7.615426686063e-03 7.691647401783e-03 7.745138236627e-03 7.766880288575e-03 7.755741435371e-03
 9.450561640305e-03 9.625711754640e-03 9.768030245583e-03 9.874505087394e-03 9.946602405352e-03 9.990046831920e-03 1.001265534713e-02 1.002178772062e-02 1.002178318777e-02 1.001264333527e-02 9.990037328416e-03 9.946610948062e-03 9.874501606041e-03 9.768036286827e-03 9.625706325848e-03 9.450555223483e-03
 1.104016393808e-02 1.134343566909e-02 1.161041230957e-02 1.183471512188e-02 1.201279636412e-02 1.214401874575e-02 1.222973222770e-02 1.227191642208e-02 1.227191535348e-02 1.222973877320e-02 1.214401710276e-02 1.201280002529e-02 1.183472243299e-02 1.161041807178e-02 1.134345591615e-02 1.104016596985e-02
 1.244061769953e-02 1.284140213050e-02 1.320105165009e-02 1.351086284884e-02 1.376414493456e-02 1.395651749860e-02 1.408559670573e-02 1.415030935251e-02 1.415031081333e-02 1.408561260787e-02 1.395653014105e-02 1.376415395383e-02 1.351086517696e-02 1.320107177915e-02 1.284142399588e-02 1.244063043286e-02
 1.360241978155e-02 1.407542558569e-02 1.450249268682e-02 1.487336814203e-02 1.517945603829e-02 1.541416607349e-02 1.557292812791e-02 1.565297431895e-02 1.565297165251e-02 1.557293337086e-02 1.541417447970e-02 1.517946827712e-02 1.487337093235e-02 1.450251201423e-02 1.407544066702e-02 1.360242733170e-02
 1.449595963977e-02 1.502006641483e-02 1.549424626734e-02 1.590722258514e-02 1.624923565112e-02 1.651243386278e-02 1.669103312516e-02 1.678123156704e-02 1.678123619205e-02 1.669102819690e-02 1.651243678573e-02 1.624923570898e-02 1.590723519213e-02 1.549424755189e-02 1.502006828313e-02 1.449595823346e-02
 1.510324060645e-02 1.566032915205e-02 1.616461035969e-02 1.660423865592e-02 1.696882461952e-02 1.724976433389e-02 1.744062912451e-02 1.753714237772e-02 1.753713139999e-02 1.744063566796e-02 1.724977490804e-02 1.696881718432e-02 1.660424788004e-02 1.616460224593e-02 1.566031967867e-02 1.510324093538e-02
 1.541356671438e-02 1.598725369762e-02 1.650666546134e-02 1.695960993728e-02 1.733539776254e-02 1.762513713108e-02 1.782207744641e-02 1.792168336958e-02 1.792168324738e-02 1.782208600885e-02 1.762515945645e-02 1.733540303546e-02 1.695960976368e-02 1.650665176493e-02 1.598725999386e-02 1.541356825764e-02
 1.542126437254e-02 1.599600793832e-02 1.651642344766e-02 1.697029482477e-02 1.734687406084e-02 1.763724120104e-02 1.783460449031e-02 1.793442255501e-02 1.793442413256e-02 1.783460574385e-02 1.763725225702e-02 1.734687798734e-02 1.697029360108e-02 1.651642326692e-02 1.599601786393e-02 1.542125688354e-02
 1.512488749346e-02 1.568502975109e-02 1.619223708770e-02 1.663453189939e-02 1.700140886766e-02 1.728417295793e-02 1.747629836113e-02 1.757344527583e-02 1.757343961320e-02 1.747628865850e-02 1.728416322810e-02 1.700139855501e-02 1.663453807437e-02 1.619224277432e-02 1.568503316603e-02 1.512486480345e-02
 1.452722805362e-02 1.505609112726e-02 1.553478367314e-02 1.595190686927e-02 1.629749789787e-02 1.656358612431e-02 1.674416875428e-02 1.683540259352e-02 1.683540331981e-02 1.674415311479e-02 1.656356836188e-02 1.629750880056e-02 1.595189887147e-02 1.553478764873e-02 1.505608359234e-02 1.452722472342e-02
 1.363633861295e-02 1.411511580171e-02 1.454779123146e-02 1.492386676558e-02 1.523451531409e-02 1.547292453696e-02 1.563427482480e-02 1.571565849840e-02 1.571564407571e-02 1.563426691513e-02 1.547291024597e-02 1.523451746931e-02 1.492385545616e-02 1.454776987395e-02 1.411511068544e-02 1.363633055959e-02
 1.246746917538e-02 1.287416166442e-02 1.323971980584e-02 1.355515299076e-02 1.381353441808e-02 1.401013116339e-02 1.414222468286e-02 1.420849516486e-02 1.420849088902e-02 1.414221090108e-02 1.401012070409e-02 1.381352335912e-02 1.355514617324e-02 1.323968963291e-02 1.287415561666e-02 1.246745806565e-02
 1.104721371037e-02 1.135521454796e-02 1.162726523028e-02 1.185677359243e-02 1.203987658241e-02 1.217548534928e-02 1.226446552507e-02 1.230838562725e-02 1.230839708287e-02 1.226444394491e-02 1.217547107177e-02 1.203986820305e-02 1.185675841160e-02 1.162725515817e-02 1.135521831943e-02 1.104722734406e-02
 9.421214043338e-03 9.597633215435e-03 9.742362717420e-03 9.852280542241e-03 9.928529100833e-03 9.976153018064e-03 1.000224060261e-02 1.001336790720e-02 1.001335243955e-02 1.000224789392e-02 9.976118319953e-03 9.928518170169e-03 9.852271678301e-03 9.742362500859e-03 9.597652892930e-03 9.421236640167e-03
 7.667635578011e-03 7.672113731598e-03 7.646330062683e-03 7.591820973466e-03 7.517548418067e-03 7.438712310736e-03 7.372989386588e-03 7.335691449747e-03 7.335695349822e-03 7.372999052892e-03 7.438700170199e-03 7.517521637090e-03 7.591819161249e-03 7.646321705556e-03 7.672139000313e-03 7.667656804715e-03
 5.919039093208e-03 5.707804530199e-03 5.464359979476e-03 5.194755396789e-03 4.917454419164e-03 4.661868340879e-03 4.462943615544e-03 4.353345417222e-03 4.353350084536e-03 4.462948683582e-03 4.661878798518e-03 4.917425291058e-03 5.194735192672e-03 5.464354455803e-03 5.707819789123e-03 5.919042089846e-03
 4.401885754973e-03 3.979139758511e-03 3.545318877173e-03 3.111356169159e-03 2.697117358995e-03 2.327949519852e-03 2.038162460609e-03 1.873621398547e-03 1.873611615201e-03 2.038170148238e-03 2.327936629231e-03 2.697108101676e-03 3.111336753884e-03 3.545299598477e-03 3.979143098905e-03 4.401906420617e-03
 3.679162610345e-03 3.466343353460e-03 3.411984039472e-03 3.499728727047e-03 3.659263565296e-03 3.816238210453e-03 3.928213321727e-03 3.983610450325e-03 3.983592683066e-03 3.928202684492e-03 3.816228261870e-03 3.659249514169e-03 3.499733726299e-03 3.411982201456e-03 3.466336117802e-03 3.679158211125e-03
 5.709880915738e-03 6.722675608567e-03 7.442799718264e-03 7.933292282961e-03 8.189336791537e-03 8.244732996711e-03 8.185240072880e-03 8.117769426210e-03 8.117770092359e-03 8.185218684498e-03 8.244710212693e-03 8.189325990218e-03 7.933290296759e-03 7.442799267369e-03 6.722640581169e-03 5.709848791098e-03
 1.368785644567e-02 1.702913950124e-02 1.864597478164e-02 1.875898926509e-02 1.813473733984e-02 1.702564085958e-02 1.583736257306e-02 1.505796739770e-02 1.505797928496e-02 1.583736175382e-02 1.702561080438e-02 1.813472297383e-02 1.875898203345e-02 1.864596516271e-02 1.702912377238e-02 1.368783350658e-02
 3.243025302260e-02 4.073440031358e-02 4.379643756776e-02 4.282999380445e-02 4.031715168329e-02 3.691396131519e-02 3.356068924042e-02 3.142077533948e-02 3.142079085988e-02 3.356070901386e-02 3.691394825769e-02 4.031714276170e-02 4.283002280233e-02 4.379646842485e-02 4.073440032093e-02 3.243024473961e-02
 7.031009321741e-02 8.883685216870e-02 9.394527617633e-02 9.098686331207e-02 8.549456500299e-02 7.873132456021e-02 7.236394322011e-02 6.840512091068e-02 6.840514525786e-02 7.236397159886e-02 7.873133704451e-02 8.549458723673e-02 9.098690787227e-02 9.394532262143e-02 8.883686710952e-02 7.031008939137e-02
 1.428121961152e-01 1.869829815083e-01 2.012126235604e-01 2.013467603568e-01 1.991900050982e-01 1.955659915320e-01 1.918067599942e-01 1.894177336212e-01 1.894177956019e-01 1.918068050919e-01 1.955660058305e-01 1.991900251708e-01 2.013467767048e-01 2.012126494734e-01 1.869830296724e-01 1.428122080057e-01
 2.630490419606e-01 3.638164082654e-01 4.221719026596e-01 4.532983046270e-01 4.815139368631e-01 5.039642109151e-01 5.192938358479e-01 5.270139953895e-01 5.270140362674e-01 5.192937997771e-01 5.039640719530e-01 4.815139405167e-01 4.532982402264e-01 4.221719172960e-01 3.638164644462e-01 2.630490293654e-01
 4.331090700591e-01 6.187384646823e-01 7.619414864879e-01 8.587998610888e-01 9.460803026401e-01 1.016367769155e+00 1.065238771411e+00 1.090223991358e+00 1.090223987644e+00 1.065238651560e+00 1.016367559866e+00 9.460803435083e-01 8.587997288856e-01 7.619415023904e-01 6.187384750134e-01 4.331090571165e-01
 6.616298663036e-01 9.588317374061e-01 1.214048648393e+00 1.402984527069e+00 1.570721385503e+00 1.704972347314e+00 1.798133924280e+00 1.845748733778e+00 1.845748776189e+00 1.798133817657e+00 1.704972244376e+00 1.570721447479e+00 1.402984525036e+00 1.214048767947e+00 9.588317512553e-01 6.616298602922e-01
 9.534649688991e-01 1.395122190899e+00 1.800582754781e+00 2.115895232029e+00 2.392966224643e+00 2.613526884115e+00 2.766172595673e+00 2.844097607137e+00 2.844097653755e+00 2.766172459976e+00 2.613526957651e+00 2.392966296267e+00 2.115895368579e+00 1.800582874367e+00 1.395122154456e+00 9.534649603293e-01
 1.306978547847e+00 1.927887992756e+00 2.527670584204e+00 3.009262928523e+00 3.428894437588e+00 3.761397897291e+00 3.990946599547e+00 4.107989135205e+00 4.107989290535e+00 3.990946565399e+00 3.761397988444e+00 3.428894476827e+00 3.009263100990e+00 2.527670696245e+00 1.927888009176e+00 1.306978560678e+00
 1.711390530379e+00 2.543018966851e+00 3.380728252898e+00 4.068837391824e+00 4.664015919331e+00 5.133716122357e+00 5.457263346059e+00 5.622051398188e+00 5.622051511638e+00 5.457263307460e+00 5.133716200653e+00 4.664016014217e+00 4.068837524485e+00 3.380728421614e+00 2.543019077760e+00 1.711390583389e+00
 2.145199731147e+00 3.209262952201e+00 4.319812827807e+00 5.247570983578e+00 6.044809993483e+00 6.671739437401e+00 7.102748255736e+00 7.322051595172e+00 7.322051593625e+00 7.102748178652e+00 6.671739548414e+00 6.044810046288e+00 5.247571074596e+00 4.319812995461e+00 3.209263034367e+00 2.145199753441e+00
 2.576165160625e+00 3.877519112049e+00 5.277264487697e+00 6.461602812385e+00 7.473473722430e+00 8.266715214410e+00 8.811133309009e+00 9.087903382814e+00 9.087903397356e+00 8.811133250482e+00 8.266715239236e+00 7.473473698745e+00 6.461602849399e+00 5.277264412402e+00 3.877519062716e+00 2.576165128275e+00
 2.963305385246e+00 4.483132331747e+00 6.159489578937e+00 7.591511453310e+00 8.808923806327e+00 9.760774824586e+00 1.041311821428e+01 1.074452100459e+01 1.074452094198e+01 1.041311815509e+01 9.760774818818e+00 8.808923670578e+00 7.591511186180e+00 6.159489325904e+00 4.483132155209e+00 2.963305321726e+00
 3.261106324026e+00 4.951722303304e+00 6.854117536247e+00 8.490700712148e+00 9.876433633704e+00 1.095765023636e+01 1.169786921990e+01 1.207372819362e+01 1.207372830145e+01 1.169786920015e+01 1.095765002584e+01 9.876433397193e+00 8.490700174216e+00 6.854116980396e+00 4.951721959101e+00 3.261106213558e+00
 3.425713851563e+00 5.208407719063e+00 7.242754739019e+00 9.001539162041e+00 1.048684881054e+01 1.164440133992e+01 1.243651194187e+01 1.283865908795e+01 1.283865923514e+01 1.243651190265e+01 1.164440125480e+01 1.048684859084e+01 9.001538731855e+00 7.242754313240e+00 5.208407510774e+00 3.425713786270e+00
 3.422447201587e+00 5.189456103543e+00 7.218154785851e+00 8.978074766623e+00 1.046425148104e+01 1.162304303011e+01 1.241648726550e+01 1.281949696147e+01 1.281949700843e+01 1.241648730106e+01 1.162304325974e+01 1.046425151052e+01 8.978074726765e+00 7.218154823639e+00 5.189456177079e+00 3.422447207197e+00
 3.233687565417e+00 4.854529042841e+00 6.702805908803e+00 8.312049155352e+00 9.678621426540e+00 1.074835619514e+01 1.148279043592e+01 1.185641188097e+01 1.185641202403e+01 1.148279044005e+01 1.074835636723e+01 9.678621744416e+00 8.312049501775e+00 6.702806281619e+00 4.854529268130e+00 3.233687652896e+00
 2.866459500595e+00 4.196983246219e+00 5.663275026003e+00 6.957056946151e+00 8.078216559763e+00 8.965992612233e+00 9.579589463477e+00 9.892841664930e+00 9.892841835179e+00 9.579589250752e+00 8.965992564421e+00 8.078216831743e+00 6.957057454868e+00 5.663275389341e+00 4.196983481005e+00 2.866459627324e+00
 2.361075430683e+00 3.249505766519e+00 4.108501980252e+00 4.945627220170e+00 5.716417898851e+00 6.344218368244e+00 6.784409177880e+00 7.010715573229e+00 7.010715650793e+00 6.784409011869e+00 6.344218237600e+00 5.716417940651e+00 4.945627573758e+00 4.108502078595e+00 3.249505834880e+00 2.361075537995e+00
 1.807845625622e+00 2.288207114818e+00 2.660216370166e+00 3.101839553829e+00 3.550993264595e+00 3.933960892130e+00 4.208685093118e+00 4.351479853312e+00 4.351479853843e+00 4.208685091602e+00 3.933960821156e+00 3.550993222910e+00 3.101839623842e+00 2.660216344686e+00 2.288207098451e+00 1.807845693560e+00
 1.347926711269e+00 1.627833682446e+00 1.844991216854e+00 2.096068246624e+00 2.361263946484e+00 2.594510726907e+00 2.765037497835e+00 2.854559411284e+00 2.854559404451e+00 2.765037516376e+00 2.594510674398e+00 2.361263892163e+00 2.096068183949e+00 1.844991165513e+00 1.627833684718e+00 1.347926745455e+00
 1.006215807177e+00 1.181435626042e+00 1.331983640233e+00 1.486021190936e+00 1.648037873319e+00 1.792447306968e+00 1.899343569411e+00 1.955892249235e+00 1.955892247924e+00 1.899343576621e+00 1.792447301154e+00 1.648037829511e+00 1.486021123777e+00 1.331983585413e+00 1.181435612633e+00 1.006215828668e+00
 7.482244950794e-01 8.430440569829e-01 9.217034174255e-01 1.008492577460e+00 1.101771852500e+00 1.186327295902e+00 1.249723637423e+00 1.283521825520e+00 1.283521829002e+00 1.249723651481e+00 1.186327317736e+00 1.101771848477e+00 1.008492556178e+00 9.217033929134e-01 8.430440413798e-01 7.482245050040e-01
 5.701820523939e-01 6.312330005405e-01 6.771005078748e-01 7.326803222778e-01 7.906550440588e-01 8.428912962567e-01 8.821064952466e-01 9.030615239355e-01 9.030615322277e-01 8.821065107434e-01 8.428913106051e-01 7.906550561424e-01 7.326803213360e-01 6.771004974290e-01 6.312329868604e-01 5.701820414150e-01
 4.132505794350e-01 4.571921466522e-01 4.965421222915e-01 5.352718384738e-01 5.720825688554e-01 6.038486168049e-01 6.272371646651e-01 6.396349769040e-01 6.396349880148e-01 6.272371779355e-01 6.038486295947e-01 5.720825800290e-01 5.352718343350e-01 4.965421078120e-01 4.571921296444e-01 4.132505657001e-01

