1.393386772061e-01 1.564061434424e-01 1.722409729489e-01 1.882549969356e-01 2.036871932982e-01 2.170824251625e-01 2.269654915829e-01 2.322074044519e-01 2.322073833594e-01 2.269655019166e-01 2.170824144019e-01 2.036872053406e-01 1.882549966206e-01 1.722409898712e-01 1.564061410512e-01 1.393386815104e-01
 1.966735909674e-01 2.209830306843e-01 2.404833179232e-01 2.647056715962e-01 2.900670856286e-01 3.128691175888e-01 3.299361460870e-01 3.390367828344e-01 3.390367905120e-01 3.299361266042e-01 3.128691273766e-01 2.900670809001e-01 2.647056714471e-01 2.404833063559e-01 2.209830341270e-01 1.966735790493e-01
 2.624627387990e-01 3.005007128835e-01 3.349316314418e-01 3.742088063615e-01 4.159841766560e-01 4.535457011395e-01 4.815477784233e-01 4.964274537566e-01 4.964274703261e-01 4.815477469470e-01 4.535457066288e-01 4.159841619206e-01 3.742088027932e-01 3.349316163613e-01 3.005007135564e-01 2.624627429903e-01
 3.590984693952e-01 4.300843550087e-01 4.962771512768e-01 5.666015001951e-01 6.396767801184e-01 7.042346998022e-01 7.517516398820e-01 7.768111282758e-01 7.768111264915e-01 7.517516348437e-01 7.042346771605e-01 6.396767554739e-01 5.666014895967e-01 4.962771592208e-01 4.300843488338e-01 3.590984922585e-01
 4.885759678292e-01 6.034056506987e-01 7.001744191861e-01 8.153339844676e-01 9.354600113003e-01 1.040189850946e+00 1.116358614692e+00 1.156238030907e+00 1.156238034738e+00 1.116358577064e+00 1.040189837240e+00 9.354599609044e-01 8.153339772076e-01 7.001744162786e-01 6.034056283421e-01 4.885759521359e-01
 6.646938733448e-01 8.654107079188e-01 1.032643035169e+00 1.234896859466e+00 1.438624532653e+00 1.611177427571e+00 1.734497808691e+00 1.798479109608e+00 1.798479064764e+00 1.734497731807e+00 1.611177449042e+00 1.438624471523e+00 1.234896823863e+00 1.032642993503e+00 8.654105834526e-01 6.646938319707e-01
 8.774841084788e-01 1.250007259823e+00 1.631278000642e+00 2.009576587932e+00 2.356270781797e+00 2.637809702914e+00 2.834891242396e+00 2.936130863047e+00 2.936130680380e+00 2.834891196406e+00 2.637809643675e+00 2.356270697880e+00 2.009576475474e+00 1.631277930902e+00 1.250007107067e+00 8.774840531838e-01
 1.069486076440e+00 1.625246562320e+00 2.268118963819e+00 2.844335118177e+00 3.342627894563e+00 3.736822867519e+00 4.009149246551e+00 4.148145182677e+00 4.148144994022e+00 4.009149287386e+00 3.736822710420e+00 3.342627829880e+00 2.844334997514e+00 2.268118904268e+00 1.625246446305e+00 1.069486014343e+00
 1.203539467617e+00 1.876171854446e+00 2.677178402426e+00 3.383642437386e+00 3.982929653683e+00 4.451884706887e+00 4.773802913712e+00 4.937555458668e+00 4.937555517270e+00 4.773802901909e+00 4.451884765928e+00 3.982929757993e+00 3.383642403358e+00 2.677178415329e+00 1.876171856235e+00 1.203539449895e+00
 1.264207700230e+00 1.989548820756e+00 2.856674636097e+00 3.617328472896e+00 4.259015628941e+00 4.759166836662e+00 5.101557438200e+00 5.275440524703e+00 5.275440759316e+00 5.101557278285e+00 4.759167132740e+00 4.259015684219e+00 3.617328530566e+00 2.856674722800e+00 1.989548897270e+00 1.264207702362e+00
 1.250453980160e+00 1.971412095391e+00 2.826611844838e+00 3.573421038627e+00 4.203227342002e+00 4.693704265883e+00 5.029168125348e+00 5.199421974515e+00 5.199422293139e+00 5.029167984546e+00 4.693704429727e+00 4.203227242009e+00 3.573421273854e+00 2.826611885366e+00 1.971412061214e+00 1.250453960074e+00
 1.171725125917e+00 1.842893273500e+00 2.627121681748e+00 3.308086631124e+00 3.883490103009e+00 4.331856239644e+00 4.638514533077e+00 4.794124669499e+00 4.794124917846e+00 4.638514360152e+00 4.331856238208e+00 3.883490150043e+00 3.308086762607e+00 2.627121742314e+00 1.842893260183e+00 1.171725124589e+00
 1.044251027765e+00 1.634542010981e+00 2.310210560967e+00 2.892493290995e+00 3.386030232963e+00 3.771070473427e+00 4.034516404590e+00 4.168206374908e+00 4.168206476041e+00 4.034516202336e+00 3.771070405468e+00 3.386030275134e+00 2.892493272194e+00 2.310210582924e+00 1.634542073784e+00 1.044251041598e+00
 8.872853328314e-01 1.380201573353e+00 1.930288630474e+00 2.399617478324e+00 2.798871704883e+00 3.110805196443e+00 3.324330881855e+00 3.432696655698e+00 3.432696625407e+00 3.324330693493e+00 3.110805178035e+00 2.798871578981e+00 2.399617543881e+00 1.930288637566e+00 1.380201661012e+00 8.872853574591e-01
 7.197221643598e-01 1.111620577370e+00 1.536132506826e+00 1.893583809267e+00 2.198837997091e+00 2.437659078923e+00 2.601189296661e+00 2.684177978348e+00 2.684177849860e+00 2.601189189587e+00 2.437659138221e+00 2.198837853717e+00 1.893583784907e+00 1.536132472589e+00 1.111620642507e+00 7.197221860091e-01
 5.575300244766e-01 8.545964002164e-01 1.165570098387e+00 1.422952410236e+00 1.643555169271e+00 1.816316444288e+00 1.934598118386e+00 1.994601704878e+00 1.994601583586e+00 1.934598174322e+00 1.816316384773e+00 1.643555083369e+00 1.422952460342e+00 1.165569998421e+00 8.545963997976e-01 5.575300365921e-01
 4.122451371215e-01 6.269638288571e-01 8.432025848180e-01 1.018190780343e+00 1.168606367498e+00 1.286406075508e+00 1.366975150566e+00 1.407804979855e+00 1.407804922624e+00 1.366975128578e+00 1.286406071295e+00 1.168606270854e+00 1.018190850432e+00 8.432026101432e-01 6.269638047777e-01 4.122451501777e-01
 2.905257134137e-01 4.383116324075e-01 5.807634993237e-01 6.926433115100e-01 7.889220367981e-01 8.641806632346e-01 9.155067409923e-01 9.414556883996e-01 9.414557741979e-01 9.155066567684e-01 8.641807255518e-01 7.889220646317e-01 6.926433095361e-01 5.807635133100e-01 4.383116224051e-01 2.905257151408e-01
 1.945745024858e-01 2.910043934802e-01 3.792719955855e-01 4.457732552961e-01 5.028684556393e-01 5.472320243944e-01 5.772808184877e-01 5.923925642802e-01 5.923925125358e-01 5.772809372746e-01 5.472319750940e-01 5.028685617627e-01 4.457732555325e-01 3.792720339362e-01 2.910043805308e-01 1.945745260107e-01
 1.231355466287e-01 1.819447334049e-01 2.319480763522e-01 2.672802655804e-01 2.973260453018e-01 3.202866780362e-01 3.355595147595e-01 3.431339612488e-01 3.431336889350e-01 3.355597772194e-01 3.202865336461e-01 2.973261435243e-01 2.672802964472e-01 2.319481364451e-01 1.819447366745e-01 1.231355793863e-01
 7.280053948031e-02 1.045382839016e-01 1.267804323044e-01 1.408909431468e-01 1.523146289500e-01 1.603965180206e-01 1.653083917359e-01 1.675637482060e-01 1.675635861891e-01 1.653085527233e-01 1.603964180645e-01 1.523147149417e-01 1.408909647514e-01 1.267804184795e-01 1.045382548906e-01 7.280055300794e-02
 3.937754435927e-02 5.346111840168e-02 6.050457744024e-02 6.412899631634e-02 6.630422529515e-02 6.702553495552e-02 6.682113662113e-02 6.644483280978e-02 6.644481992271e-02 6.682119871514e-02 6.702554006004e-02 6.630425907362e-02 6.412897608016e-02 6.050456389377e-02 5.346104632363e-02 3.937752938050e-02
 2.057376166720e-02 2.651730979908e-02 2.959422021196e-02 3.111938764064e-02 3.183121640799e-02 3.180835269810e-02 3.137985965196e-02 3.099881063925e-02 3.099884043952e-02 3.137991269003e-02 3.180838518015e-02 3.183124277745e-02 3.111939449700e-02 2.959423209458e-02 2.651728686130e-02 2.057374242050e-02
 1.174988520022e-02 1.453491950035e-02 1.647973882362e-02 1.773729653184e-02 1.860485182369e-02 1.908365795710e-02 1.927136450219e-02 1.931234657277e-02 1.931236134395e-02 1.927139546526e-02 1.908367087724e-02 1.860485932614e-02 1.773727974485e-02 1.647973956843e-02 1.453490761827e-02 1.174987473860e-02
 7.992527391707e-03 9.272500400272e-03 1.031697028466e-02 1.116928129332e-02 1.186014725419e-02 1.235436001211e-02 1.265750405788e-02 1.279726602390e-02 1.279727814042e-02 1.265748823141e-02 1.235438604927e-02 1.186012884832e-02 1.116929936344e-02 1.031695590144e-02 9.272479984831e-03 7.992523381585e-03
 6.468954656447e-03 7.204734650520e-03 7.805229303730e-03 8.372127994822e-03 8.860098357826e-03 9.239874073432e-03 9.496059960753e-03 9.624116462935e-03 9.624104940661e-03 9.496060792594e-03 9.239869527729e-03 8.860136354699e-03 8.372132576940e-03 7.805241807065e-03 7.204706640138e-03 6.468945787766e-03
 5.726801955686e-03 6.256138941705e-03 6.727699071664e-03 7.147546065540e-03 7.504819054068e-03 7.785986303250e-03 7.979505478297e-03 8.078003611505e-03 8.077991873338e-03 7.979520049170e-03 7.785986803332e-03 7.504860569878e-03 7.147562741526e-03 6.727732114618e-03 6.256122323288e-03 5.726785760586e-03
 5.256107062670e-03 5.647567958194e-03 6.002014519497e-03 6.310700840790e-03 6.567610735913e-03 6.766803278450e-03 6.903051786114e-03 6.972187138892e-03 6.972204803330e-03 6.903030238976e-03 6.766850315824e-03 6.567596872245e-03 6.310751910670e-03 6.002014274958e-03 5.647552112709e-03 5.256108159218e-03
 4.902954056657e-03 5.190881152267e-03 5.451143149914e-03 5.675205517821e-03 5.858455821167e-03 5.998223828771e-03 6.092512875124e-03 6.140030826937e-03 6.140029879839e-03 6.092522547837e-03 5.998224065205e-03 5.858481805849e-03 5.675190098330e-03 5.451132080001e-03 5.190881254580e-03 4.902940953731e-03
 4.594826498588e-03 4.803077962711e-03 4.989555057374e-03 5.148363067146e-03 5.276425474949e-03 5.372617444910e-03 5.436669203689e-03 5.468659774561e-03 5.468653176122e-03 5.436674989078e-03 5.372622068247e-03 5.276431541701e-03 5.148343289776e-03 4.989535874469e-03 4.803078948787e-03 4.594819086242e-03
 4.281508045959e-03 4.426568493663e-03 4.554316525232e-03 4.661396073428e-03 4.746304973472e-03 4.808992524591e-03 4.850142378423e-03 4.870449149642e-03 4.870432481864e-03 4.850147986173e-03 4.809013528836e-03 4.746296143468e-03 4.661397311970e-03 4.554314357906e-03 4.426564657665e-03 4.281521731677e-03
 3.929266637167e-03 4.020691946845e-03 4.098721180485e-03 4.162057280674e-03 4.210648821771e-03 4.245325405349e-03 4.267390483673e-03 4.278109542935e-03 4.278113390133e-03 4.267419422073e-03 4.245322452470e-03 4.210674550230e-03 4.162073887120e-03 4.098736956306e-03 4.020714915784e-03 3.929273221595e-03
 3.522839739652e-03 3.564014028188e-03 3.595517950520e-03 3.617740175506e-03 3.632011812513e-03 3.640164170837e-03 3.644178930233e-03 3.645744010229e-03 3.645770817568e-03 3.644185138826e-03 3.640185464193e-03 3.632016037165e-03 3.617755112683e-03 3.595544694578e-03 3.564037344753e-03 3.522861408253e-03
 3.067900014104e-03 3.056910262607e-03 3.039536277409e-03 3.017862365397e-03 2.994806897301e-03 2.973683349884e-03 2.957560885771e-03 2.948760656880e-03 2.948769536381e-03 2.957557994333e-03 2.973682421646e-03 2.994800835626e-03 3.017877759091e-03 3.039537545121e-03 3.056918397503e-03 3.067903402178e-03
 2.595297037524e-03 2.526316641950e-03 2.452207710720e-03 2.377557961664e-03 2.307565485922e-03 2.248003609866e-03 2.204524675680e-03 2.181563278826e-03 2.181537255515e-03 2.204505555724e-03 2.247983566079e-03 2.307579840229e-03 2.377546308053e-03 2.452187668856e-03 2.526301537521e-03 2.595264331993e-03
 2.171277058776e-03 2.038439837315e-03 1.896991034328e-03 1.753108333446e-03 1.615475158069e-03 1.494889959459e-03 1.403862817742e-03 1.354510949933e-03 1.354501454182e-03 1.403836857434e-03 1.494880362520e-03 1.615482825426e-03 1.753100114539e-03 1.896954923794e-03 2.038401926611e-03 2.171255331458e-03
 1.906988665364e-03 1.721535268834e-03 1.517515910704e-03 1.298608138979e-03 1.070741374915e-03 8.442299833628e-04 6.396695926092e-04 5.029044703231e-04 5.028958580873e-04 6.396681389201e-04 8.442421326207e-04 1.070737087809e-03 1.298626569375e-03 1.517475008139e-03 1.721488575764e-03 1.906974437723e-03
 1.916419124342e-03 1.728625804882e-03 1.521494033147e-03 1.298577922627e-03 1.065429429049e-03 8.318691179508e-04 6.178385589865e-04 4.711374806224e-04 4.711309068687e-04 6.178588816785e-04 8.318892342096e-04 1.065459456150e-03 1.298551928404e-03 1.521472981705e-03 1.728594606074e-03 1.916369958466e-03
 2.199192070270e-03 2.060332433715e-03 1.911552404393e-03 1.759146310207e-03 1.612230827447e-03 1.482443294963e-03 1.383737900067e-03 1.329910464414e-03 1.329902191902e-03 1.383740773661e-03 1.482461532314e-03 1.612233734159e-03 1.759143564231e-03 1.911523554275e-03 2.060293487470e-03 2.199162658222e-03
 2.642240835558e-03 2.565833725071e-03 2.483081177156e-03 2.399044072059e-03 2.319764521628e-03 2.251868372196e-03 2.202043488694e-03 2.175620375875e-03 2.175629695692e-03 2.202041208394e-03 2.251875795539e-03 2.319748234175e-03 2.399047062833e-03 2.483038898560e-03 2.565803556923e-03 2.642233461981e-03
 3.136206368702e-03 3.118098630160e-03 3.092633394849e-03 3.062471763270e-03 3.031138182907e-03 3.002807693824e-03 2.981319533173e-03 2.969701721861e-03 2.969698238234e-03 2.981317932625e-03 3.002814447740e-03 3.031139256260e-03 3.062446943629e-03 3.092631202391e-03 3.118076554256e-03 3.136168452918e-03
 3.614826943515e-03 3.650462964851e-03 3.675526979215e-03 3.690821226978e-03 3.698347561716e-03 3.700605327884e-03 3.700225950488e-03 3.699451979220e-03 3.699458590818e-03 3.700235384164e-03 3.700605577993e-03 3.698360312390e-03 3.690821312697e-03 3.675499196338e-03 3.650470618714e-03 3.614822815282e-03
 4.045962691290e-03 4.134091085464e-03 4.207790124771e-03 4.266199252654e-03 4.309699698897e-03 4.339767103956e-03 4.358367957969e-03 4.367191586615e-03 4.367201641651e-03 4.358383321500e-03 4.339804507851e-03 4.309695739253e-03 4.266192883827e-03 4.207796734042e-03 4.134070996239e-03 4.045958673620e-03
 4.421377803446e-03 4.565517727106e-03 4.691226215630e-03 4.795250756565e-03 4.876558531352e-03 4.935731136385e-03 4.974064843938e-03 4.992814524882e-03 4.992845269751e-03 4.974079177603e-03 4.935747990512e-03 4.876575356525e-03 4.795224408605e-03 4.691198986690e-03 4.565548894071e-03 4.421374829609e-03
 4.752944906343e-03 4.962544691539e-03 5.148824888286e-03 5.305997953426e-03 5.431427542254e-03 5.524597253696e-03 5.586064002182e-03 5.616566849522e-03 5.616573329246e-03 5.586080942156e-03 5.524603583040e-03 5.431422287979e-03 5.306016879565e-03 5.148816581886e-03 4.962514749764e-03 4.752940472703e-03
 5.071226606834e-03 5.362320521019e-03 5.623682306384e-03 5.846798761553e-03 6.027438811008e-03 6.163801326271e-03 6.254996798827e-03 6.300702339728e-03 6.300687617774e-03 6.255023409019e-03 6.163790515014e-03 6.027467738610e-03 5.846812125748e-03 5.623688716409e-03 5.362300485200e-03 5.071228776576e-03
 5.425451566450e-03 5.821800607532e-03 6.178282222908e-03 6.486018056667e-03 6.739381778703e-03 6.933820990622e-03 7.065623210080e-03 7.132146870148e-03 7.132161507196e-03 7.065602802552e-03 6.933855058744e-03 6.739408423709e-03 6.486028396665e-03 6.178282730413e-03 5.821806313765e-03 5.425443924677e-03
 5.892491580331e-03 6.429599444164e-03 6.904358199936e-03 7.323463995418e-03 7.676359946887e-03 7.950968969532e-03 8.138325666341e-03 8.233047331335e-03 8.233066371349e-03 8.138299783536e-03 7.951033725170e-03 7.676349528220e-03 7.323514954369e-03 6.904339513093e-03 6.429575348049e-03 5.892486075911e-03
 6.638217520066e-03 7.387357149731e-03 7.992678671687e-03 8.563203776532e-03 9.049753807754e-03 9.423940352968e-03 9.673408875681e-03 9.797041691980e-03 9.797031842845e-03 9.673436020086e-03 9.423940682430e-03 9.049783819783e-03 8.563209973878e-03 7.992669790426e-03 7.387342924895e-03 6.638165995275e-03
 8.186613966594e-03 9.497330728252e-03 1.058028636374e-02 1.147567293027e-02 1.220044748672e-02 1.271582126312e-02 1.302880753318e-02 1.317172510634e-02 1.317170370504e-02 1.302881597931e-02 1.271580612526e-02 1.220047259654e-02 1.147564981905e-02 1.058028633737e-02 9.497320252538e-03 8.186565729263e-03
 1.198190454199e-02 1.485902090807e-02 1.694237926901e-02 1.837197251793e-02 1.939931601019e-02 2.000549371264e-02 2.027841343340e-02 2.036126986594e-02 2.036126508826e-02 2.027840043235e-02 2.000548354050e-02 1.939929018710e-02 1.837197426395e-02 1.694240572113e-02 1.485900720780e-02 1.198187628804e-02
 2.081169968062e-02 2.698818301702e-02 3.036706508961e-02 3.234624752846e-02 3.353555399984e-02 3.393446321822e-02 3.381967974260e-02 3.360737214678e-02 3.360737366719e-02 3.381968015413e-02 3.393446850130e-02 3.353553883877e-02 3.234626707267e-02 3.036711463755e-02 2.698819655201e-02 2.081169945599e-02
 3.959867393916e-02 5.459733048125e-02 6.263626811727e-02 6.752607261560e-02 7.117800296679e-02 7.321779381707e-02 7.399993198859e-02 7.415602857584e-02 7.415599637146e-02 7.399991859865e-02 7.321779716351e-02 7.117797753513e-02 6.752606214060e-02 6.263631990128e-02 5.459736969895e-02 3.959869107378e-02
 7.313171471942e-02 1.068159762261e-01 1.326753406559e-01 1.510910382270e-01 1.665661863433e-01 1.779794266962e-01 1.852549474390e-01 1.887390073080e-01 1.887388958577e-01 1.852550364625e-01 1.779793135657e-01 1.665662732566e-01 1.510910214867e-01 1.326754133597e-01 1.068159772922e-01 7.313168371896e-02
 1.235717276432e-01 1.856088393301e-01 2.437747294865e-01 2.885100952817e-01 3.265831147005e-01 3.558861399376e-01 3.755595076590e-01 3.853909955918e-01 3.853907472580e-01 3.755597347999e-01 3.558859129952e-01 3.265833302917e-01 2.885100637151e-01 2.437748051986e-01 1.856087937025e-01 1.235717102916e-01
 1.952803812040e-01 2.970753389196e-01 3.991570129982e-01 4.811739525218e-01 5.511973285069e-01 6.056324928085e-01 6.426090324034e-01 6.612565431276e-01 6.612562990944e-01 6.426091984702e-01 6.056322934424e-01 5.511974622077e-01 4.811739048737e-01 3.991571033066e-01 2.970753368973e-01 1.952804078639e-01
 2.918247746126e-01 4.479544032309e-01 6.114456702799e-01 7.464289461782e-01 8.617069423781e-01 9.516550737335e-01 1.013036275326e+00 1.044102482818e+00 1.044102464731e+00 1.013036225033e+00 9.516550028512e-01 8.617069251196e-01 7.464289212871e-01 6.114456434213e-01 4.479544633298e-01 2.918248108266e-01
 4.145454931822e-01 6.414949179618e-01 8.877273893237e-01 1.094986765399e+00 1.271693023962e+00 1.409716205039e+00 1.504084757770e+00 1.551923740402e+00 1.551923883719e+00 1.504084590806e+00 1.409716282531e+00 1.271692849209e+00 1.094986756001e+00 8.877273334655e-01 6.414950194274e-01 4.145454958729e-01
 5.612772437703e-01 8.753324007524e-01 1.226813064415e+00 1.526991010896e+00 1.782209268850e+00 1.981500051736e+00 2.117843594908e+00 2.187009106656e+00 2.187009227324e+00 2.117843474645e+00 1.981500069141e+00 1.782209013241e+00 1.526990964706e+00 1.226812985239e+00 8.753323454592e-01 5.612772276023e-01
 7.253471388731e-01 1.139653357344e+00 1.616192001336e+00 2.027737772887e+00 2.376507087056e+00 2.648590487195e+00 2.834729101293e+00 2.929175621108e+00 2.929175547783e+00 2.834729038438e+00 2.648590545701e+00 2.376506938525e+00 2.027737662733e+00 1.616192045297e+00 1.139653457221e+00 7.253471832134e-01
 8.951393932270e-01 1.416128932274e+00 2.029809261705e+00 2.564359497222e+00 3.015868552676e+00 3.367670242246e+00 3.608262931246e+00 3.730336664839e+00 3.730336598263e+00 3.608262868152e+00 3.367670290595e+00 3.015868472071e+00 2.564359528265e+00 2.029809351980e+00 1.416129101961e+00 8.951394602134e-01
 1.054530763612e+00 1.678189995387e+00 2.427743795771e+00 3.084949986495e+00 3.638352307230e+00 4.069010198073e+00 4.363401765106e+00 4.512755717560e+00 4.512755898510e+00 4.363401579251e+00 4.069010087575e+00 3.638352242075e+00 3.084950109212e+00 2.427743813952e+00 1.678190011972e+00 1.054530797349e+00
 1.184395439258e+00 1.893084497476e+00 2.758665810235e+00 3.521404807395e+00 4.162051312274e+00 4.660097298137e+00 5.000438680092e+00 5.173092604431e+00 5.173092945309e+00 5.000438525952e+00 4.660097194005e+00 4.162051178726e+00 3.521404834427e+00 2.758665874034e+00 1.893084405235e+00 1.184395441082e+00
 1.265181794028e+00 2.025844172882e+00 2.965482138664e+00 3.796666941809e+00 4.493779374971e+00 5.035495976611e+00 5.405690863802e+00 5.593515120089e+00 5.593515366148e+00 5.405690743157e+00 5.035495990690e+00 4.493779155492e+00 3.796666887141e+00 2.965482169540e+00 2.025844156097e+00 1.265181814848e+00
 1.280320173155e+00 2.044844248104e+00 2.993826225284e+00 3.836089704869e+00 4.542965982957e+00 5.092765732020e+00 5.468811023120e+00 5.659719155025e+00 5.659719271044e+00 5.468810942667e+00 5.092765988221e+00 4.542965851971e+00 3.836089666783e+00 2.993826221890e+00 2.044844324304e+00 1.280320203164e+00
 1.220017995788e+00 1.928157188835e+00 2.802045039736e+00 3.581389865442e+00 4.239127006944e+00 4.752669953355e+00 5.104831037367e+00 5.283885485374e+00 5.283885645666e+00 5.104831209036e+00 4.752670110200e+00 4.239127003654e+00 3.581389965262e+00 2.802045044033e+00 1.928157214410e+00 1.220018008781e+00
 1.084998949869e+00 1.669576038878e+00 2.369964452261e+00 3.004442724595e+00 3.550008612648e+00 3.980427238374e+00 4.277358598758e+00 4.428807659230e+00 4.428807616006e+00 4.277358804205e+00 3.980427317162e+00 3.550008680370e+00 3.004442734774e+00 2.369964627623e+00 1.669576007007e+00 1.084998935592e+00
 8.904364321501e-01 1.283672786510e+00 1.701083864006e+00 2.117692054642e+00 2.497111609403e+00 2.803984021436e+00 3.018290484649e+00 3.128241977858e+00 3.128241851747e+00 3.018290505700e+00 2.803984239115e+00 2.497111669315e+00 2.117691985509e+00 1.701084070619e+00 1.283672814335e+00 8.904364164124e-01
 6.748796061629e-01 8.874000802375e-01 1.073152774146e+00 1.297121401869e+00 1.520468680589e+00 1.708358645909e+00 1.842110164183e+00 1.911362079514e+00 1.911362113541e+00 1.842110119506e+00 1.708358754549e+00 1.520468707747e+00 1.297121486106e+00 1.073152879870e+00 8.874001262960e-01 6.748796118331e-01
 4.972865488112e-01 6.179313212832e-01 7.254931535940e-01 8.540156938152e-01 9.858751476383e-01 1.099819807878e+00 1.182290331251e+00 1.225363982389e+00 1.225364023306e+00 1.182290321229e+00 1.099819834090e+00 9.858751529531e-01 8.540157533115e-01 7.254931868128e-01 6.179313513289e-01 4.972865668718e-01
 3.664398154279e-01 4.408508140905e-01 5.139757041339e-01 5.925960150714e-01 6.728594156836e-01 7.431061697801e-01 7.945452601779e-01 8.216025597515e-01 8.216025653574e-01 7.945452459166e-01 7.431061695743e-01 6.728594152985e-01 5.925960428406e-01 5.139756991355e-01 4.408508444449e-01 3.664398250226e-01
 2.688058854301e-01 3.088646481977e-01 3.469177462763e-01 3.908078045583e-01 4.367024099133e-01 4.775753366416e-01 5.078803060289e-01 5.239382952606e-01 5.239383103674e-01 5.078803001012e-01 4.775753495898e-01 4.367024042194e-01 3.908077940050e-01 3.469177407916e-01 3.088646429476e-01 2.688058828143e-01
 2.022931521749e-01 2.281827503226e-01 2.496263358495e-01 2.763381886921e-01 3.040848557753e-01 3.288568324166e-01 3.473116180195e-01 3.571267887481e-01 3.571268062879e-01 3.473116351275e-01 3.288568445345e-01 3.040848545525e-01 2.763381773333e-01 2.496263289837e-01 2.281827291281e-01 2.022931350518e-01
 1.439110510107e-01 1.620732583331e-01 1.791706752219e-01 1.965649309935e-01 2.133104255819e-01 2.278029500696e-01 2.384673877784e-01 2.441142344197e-01 2.441142182662e-01 2.384673960050e-01 2.278029388196e-01 2.133104291205e-01 1.965649421806e-01 1.791706686088e-01 1.620732574404e-01 1.439110281388e-01

