8.386329935555e-01 9.291287179562e-01 8.594677782864e-01 7.524113329827e-01 7.098711010287e-01 7.225821684066e-01 7.558264656877e-01 7.797232043670e-01 7.797232098366e-01 7.558264560540e-01 7.225821580810e-01 7.098710713636e-01 7.524113038906e-01 8.594677180958e-01 9.291286633038e-01 8.386329812007e-01
 1.338644030136e+00 1.598312088720e+00 1.609202805720e+00 1.521484105325e+00 1.503999954359e+00 1.545693863315e+00 1.604290378833e+00 1.643038848218e+00 1.643038941880e+00 1.604290430864e+00 1.545694025871e+00 1.503999789279e+00 1.521484144599e+00 1.609202935458e+00 1.598312011993e+00 1.338644034821e+00
 2.091926023803e+00 2.770704744152e+00 3.099680877966e+00 3.185329410646e+00 3.277159697311e+00 3.376733232615e+00 3.462022718617e+00 3.510939436074e+00 3.510939679028e+00 3.462022564688e+00 3.376733575785e+00 3.277159630301e+00 3.185329498194e+00 3.099681096144e+00 2.770704686016e+00 2.091926026861e+00
 2.887903346851e+00 4.081167481095e+00 4.769504872010e+00 5.026309397845e+00 5.237395283968e+00 5.398704471356e+00 5.507634016782e+00 5.562451702668e+00 5.562451844370e+00 5.507633806190e+00 5.398704627598e+00 5.237395402204e+00 5.026309569648e+00 4.769504852413e+00 4.081167402733e+00 2.887903309690e+00
 3.508687911374e+00 5.062542368897e+00 5.997277606601e+00 6.367299222589e+00 6.654953301016e+00 6.856231119487e+00 6.979635276137e+00 7.037208490759e+00 7.037208272323e+00 6.979635100616e+00 6.856231070197e+00 6.654953234364e+00 6.367299386370e+00 5.997277701852e+00 5.062542305642e+00 3.508687868878e+00
 3.878428103937e+00 5.639447580889e+00 6.702436581743e+00 7.120440976814e+00 7.437714333234e+00 7.650076960103e+00 7.772761147521e+00 7.826869658750e+00 7.826869708753e+00 7.772760967701e+00 7.650076782456e+00 7.437714222617e+00 7.120441005151e+00 6.702436678523e+00 5.639447586078e+00 3.878428085720e+00
 3.974711817793e+00 5.795935767246e+00 6.883037646011e+00 7.294618183308e+00 7.600362991532e+00 7.796820326309e+00 7.903644421107e+00 7.947783611670e+00 7.947783663777e+00 7.903644476493e+00 7.796820177706e+00 7.600363027924e+00 7.294618165402e+00 6.883037516902e+00 5.795935822167e+00 3.974711719567e+00
 3.819918394367e+00 5.574549126737e+00 6.604395953702e+00 6.972472093482e+00 7.237800293564e+00 7.399071306730e+00 7.479146840555e+00 7.508646856476e+00 7.508646679011e+00 7.479146811533e+00 7.399071232910e+00 7.237800414222e+00 6.972472014858e+00 6.604395874131e+00 5.574549155891e+00 3.819918304920e+00
 3.467777429144e+00 5.059957718175e+00 5.977371464758e+00 6.282515421741e+00 6.492574912312e+00 6.609302673002e+00 6.657859304949e+00 6.670917184194e+00 6.670917252661e+00 6.657859255044e+00 6.609302652102e+00 6.492574947999e+00 6.282515283569e+00 5.977371389873e+00 5.059957716673e+00 3.467777383378e+00
 2.987660767840e+00 4.357165636968e+00 5.132336034492e+00 5.369723527285e+00 5.522021624839e+00 5.594072085088e+00 5.612287408073e+00 5.609977066975e+00 5.609976970915e+00 5.612287374172e+00 5.594072089278e+00 5.522021523923e+00 5.369723429480e+00 5.132335999247e+00 4.357165834821e+00 2.987660771523e+00
 2.449913751037e+00 3.570757826118e+00 4.195292492457e+00 4.370144314300e+00 4.470955672426e+00 4.504904993247e+00 4.498372620372e+00 4.483931362989e+00 4.483931345806e+00 4.498372499958e+00 4.504904830800e+00 4.470955823505e+00 4.370144283555e+00 4.195292617805e+00 3.570757906130e+00 2.449913743227e+00
 1.914746480611e+00 2.789247643868e+00 3.270490927236e+00 3.393385258809e+00 3.453618412584e+00 3.459538143718e+00 3.436120341616e+00 3.413885722052e+00 3.413885861320e+00 3.436120395995e+00 3.459538051516e+00 3.453618563763e+00 3.393385300109e+00 3.270491203273e+00 2.789247528401e+00 1.914746407292e+00
 1.425895331162e+00 2.076321353291e+00 2.431303363051e+00 2.514272007065e+00 2.545788800512e+00 2.534204576147e+00 2.501888777931e+00 2.476198986334e+00 2.476198853235e+00 2.501889042993e+00 2.534204690495e+00 2.545788688639e+00 2.514272246599e+00 2.431303401566e+00 2.076321191506e+00 1.425895287980e+00
 1.008966774201e+00 1.468783168979e+00 1.718823181623e+00 1.772653435460e+00 1.785580248064e+00 1.765129606150e+00 1.730289665365e+00 1.704549574523e+00 1.704549513399e+00 1.730289764620e+00 1.765129769135e+00 1.785580345816e+00 1.772653576845e+00 1.718822899748e+00 1.468783080364e+00 1.008966876247e+00
 6.734427194920e-01 9.796206253516e-01 1.146077868723e+00 1.178772269595e+00 1.179923147208e+00 1.155892556665e+00 1.122107801181e+00 1.098109635877e+00 1.098109712270e+00 1.122107791038e+00 1.155892623784e+00 1.179923290911e+00 1.178772292608e+00 1.146077671808e+00 9.796206953701e-01 6.734428331649e-01
 4.169627360804e-01 6.039860515394e-01 7.050128691713e-01 7.210471658887e-01 7.132607555535e-01 6.868924657783e-01 6.542103480662e-01 6.315883368706e-01 6.315884855464e-01 6.542102845511e-01 6.868923359262e-01 7.132609649898e-01 7.210471597362e-01 7.050127399925e-01 6.039860951378e-01 4.169627641578e-01
 2.308222835137e-01 3.260844246281e-01 3.737575821979e-01 3.741865832488e-01 3.566780112893e-01 3.250305734165e-01 2.886840969912e-01 2.631496177179e-01 2.631497650229e-01 2.886840063300e-01 3.250304220260e-01 3.566781972228e-01 3.741866504359e-01 3.737575370673e-01 3.260843997766e-01 2.308222808099e-01
 1.101091661997e-01 1.483822084427e-01 1.656927155976e-01 1.618044643591e-01 1.462219176367e-01 1.202862971082e-01 8.776661580201e-02 5.936971742949e-02 5.936964808156e-02 8.776656709156e-02 1.202862824684e-01 1.462219460398e-01 1.618046323500e-01 1.656926923789e-01 1.483822233349e-01 1.101091388741e-01
 4.993527442133e-02 6.504729304034e-02 7.285209254502e-02 7.292464357759e-02 6.647495010758e-02 5.417446174405e-02 3.756045008536e-02 2.120918256252e-02 2.120916193342e-02 3.756040711576e-02 5.417451844289e-02 6.647499867098e-02 7.292467038516e-02 7.285213286337e-02 6.504729379369e-02 4.993527253783e-02
 3.125856270311e-02 3.677699527938e-02 4.065753207747e-02 4.158311808426e-02 3.904940037729e-02 3.325267624343e-02 2.535954847543e-02 1.850270617230e-02 1.850274976748e-02 2.535947882084e-02 3.325267626242e-02 3.904942707346e-02 4.158313985657e-02 4.065755917260e-02 3.677701363625e-02 3.125858256503e-02
 3.236055925366e-02 3.429020494282e-02 3.539956084545e-02 3.494502099646e-02 3.244551792764e-02 2.799113570441e-02 2.249792275997e-02 1.818186394783e-02 1.818182174152e-02 2.249790961717e-02 2.799113826319e-02 3.244550388298e-02 3.494502904632e-02 3.539958411518e-02 3.429021455674e-02 3.236056074912e-02
 3.553574592209e-02 3.630240849977e-02 3.607413710464e-02 3.447531376222e-02 3.130074647886e-02 2.674031303137e-02 2.163293494567e-02 1.784698336376e-02 1.784692239485e-02 2.163296533119e-02 2.674027725711e-02 3.130077923555e-02 3.447533005886e-02 3.607413318983e-02 3.630239818016e-02 3.553578229881e-02
 3.708081681399e-02 3.719577269960e-02 3.622999558740e-02 3.396893055885e-02 3.035895165097e-02 2.566130610303e-02 2.067553973195e-02 1.708954936620e-02 1.708957163075e-02 2.067550104367e-02 2.566137099300e-02 3.035895117300e-02 3.396893070661e-02 3.622998558787e-02 3.719581667033e-02 3.708080765824e-02
 3.709238048054e-02 3.672082811763e-02 3.528074848301e-02 3.264658698161e-02 2.884184154399e-02 2.415470961680e-02 1.933434591456e-02 1.592310321527e-02 1.592309234750e-02 1.933436955908e-02 2.415474573916e-02 2.884185120583e-02 3.264661863243e-02 3.528076464913e-02 3.672079622137e-02 3.709240712388e-02
 3.593515685098e-02 3.520127748583e-02 3.346096450684e-02 3.064430773919e-02 2.681420142758e-02 2.225783891956e-02 1.766106200116e-02 1.443180947732e-02 1.443180735812e-02 1.766108130411e-02 2.225782673013e-02 2.681424026482e-02 3.064432845968e-02 3.346095889177e-02 3.520127060377e-02 3.593516813874e-02
 3.384723755439e-02 3.287032135090e-02 3.097348343072e-02 2.812230865095e-02 2.439711638393e-02 2.006696364935e-02 1.574550655922e-02 1.270992566635e-02 1.270993954864e-02 1.574548780447e-02 2.006694824853e-02 2.439712743721e-02 2.812230074129e-02 3.097350606696e-02 3.287035504821e-02 3.384717212927e-02
 3.097247556301e-02 2.986652913684e-02 2.794047582926e-02 2.518199445842e-02 2.167497224745e-02 1.765949586015e-02 1.367014560374e-02 1.085084626960e-02 1.085083823568e-02 1.367012649786e-02 1.765951736208e-02 2.167494391331e-02 2.518205788865e-02 2.794047456239e-02 2.986648125444e-02 3.097254554055e-02
 2.741393044703e-02 2.628363655148e-02 2.444265717150e-02 2.189107451255e-02 1.870711334716e-02 1.509562509539e-02 1.150690039748e-02 8.942220598590e-03 8.942223591018e-03 1.150687993971e-02 1.509566177602e-02 1.870712927522e-02 2.189105852294e-02 2.444269021444e-02 2.628364774951e-02 2.741392767356e-02
 2.326537488398e-02 2.220403502065e-02 2.054914968157e-02 1.830630180557e-02 1.554301661560e-02 1.242542237978e-02 9.316481823380e-03 7.060789247529e-03 7.060791352575e-03 9.316559264127e-03 1.242536512033e-02 1.554306265634e-02 1.830631237368e-02 2.054914855786e-02 2.220408083769e-02 2.326535094390e-02
 1.863017201011e-02 1.771701838296e-02 1.633366085336e-02 1.448732146886e-02 1.223158766398e-02 9.692840899719e-03 7.146876487770e-03 5.266330865875e-03 5.266324492864e-03 7.146914151946e-03 9.692849302401e-03 1.223162129377e-02 1.448734454655e-02 1.633365361049e-02 1.771702476878e-02 1.863018590027e-02
 1.363742253955e-02 1.293452541118e-02 1.188939615102e-02 1.050845163724e-02 8.829757457486e-03 6.940947550710e-03 5.033391140791e-03 3.595709789576e-03 3.595781313678e-03 5.033347202979e-03 6.941029601924e-03 8.829720090798e-03 1.050845769031e-02 1.188943675623e-02 1.293450346658e-02 1.363741476212e-02
 8.493871203913e-03 8.040469939638e-03 7.373583925157e-03 6.497074144938e-03 5.433425248399e-03 4.233719600092e-03 3.009031167151e-03 2.060288793095e-03 2.060279729761e-03 3.009072147375e-03 4.233717889071e-03 5.433385731558e-03 6.497095340346e-03 7.373592644849e-03 8.040430789780e-03 8.493873109102e-03
 3.952000170595e-03 3.731343756554e-03 3.407947907789e-03 2.982447845446e-03 2.462940084814e-03 1.867461199588e-03 1.232254458030e-03 6.723518020451e-04 6.723031980392e-04 1.232261964486e-03 1.867411786330e-03 2.462980901540e-03 2.982416275174e-03 3.407911730287e-03 3.731387354450e-03 3.951971859166e-03
 4.616553820607e-03 4.356079057527e-03 3.976658081990e-03 3.480006454631e-03 2.876547196677e-03 2.188481225681e-03 1.461164458072e-03 8.364832600605e-04 8.364091956272e-04 1.461222828674e-03 2.188424667800e-03 2.876540356336e-03 3.480018740778e-03 3.976615322246e-03 4.356092662749e-03 4.616559857272e-03
 9.409239517253e-03 8.897247077912e-03 8.148231362033e-03 7.167020256602e-03 5.978303879106e-03 4.637067198644e-03 3.261390542638e-03 2.179958343686e-03 2.179978742853e-03 3.261387346624e-03 4.637078945724e-03 5.978309255903e-03 7.166980879795e-03 8.148221564811e-03 8.897274779562e-03 9.409247153518e-03
 1.452659017159e-02 1.376132999494e-02 1.262964344676e-02 1.113845364694e-02 9.327083456377e-03 7.284708075209e-03 5.205510649426e-03 3.606810281331e-03 3.606784358291e-03 5.205497746777e-03 7.284742645271e-03 9.327052750933e-03 1.113846493505e-02 1.262963715722e-02 1.376132504225e-02 1.452661755942e-02
 1.943006136042e-02 1.845207936478e-02 1.698031353393e-02 1.502191066298e-02 1.263019300830e-02 9.930140789699e-03 7.195440651770e-03 5.128549600729e-03 5.128541537938e-03 7.195476812325e-03 9.930112371294e-03 1.263021814568e-02 1.502193214916e-02 1.698030989947e-02 1.845208567637e-02 1.943006841461e-02
 2.393478508111e-02 2.280592158095e-02 2.106137325698e-02 1.870603644139e-02 1.580555596759e-02 1.252133785399e-02 9.209416908388e-03 6.747287706883e-03 6.747278345031e-03 9.209425392088e-03 1.252134785650e-02 1.580561411277e-02 1.870604420141e-02 2.106139013613e-02 2.280595135429e-02 2.393480479514e-02
 2.791701108282e-02 2.671569525196e-02 2.478403477331e-02 2.212084978062e-02 1.880098704711e-02 1.502120604610e-02 1.122058764730e-02 8.437326375110e-03 8.437336518200e-03 1.122057235380e-02 1.502126412541e-02 1.880099612726e-02 2.212090153269e-02 2.478407994437e-02 2.671567081865e-02 2.791702211820e-02
 3.127721428918e-02 3.009575911996e-02 2.807826710401e-02 2.521077821955e-02 2.157228597542e-02 1.739190369147e-02 1.318932121032e-02 1.014830681392e-02 1.014830509841e-02 1.318936423476e-02 1.739197064403e-02 2.157230200646e-02 2.521082719912e-02 2.807826301293e-02 3.009576087459e-02 3.127719528324e-02
 3.392833514620e-02 3.287093614810e-02 3.088226608686e-02 2.792643648095e-02 2.407794515773e-02 1.959218560679e-02 1.506423176088e-02 1.181169803546e-02 1.181169816609e-02 1.506425988695e-02 1.959220310102e-02 2.407803422962e-02 2.792645698756e-02 3.088224574215e-02 3.287095715745e-02 3.392825331435e-02
 3.578106450048e-02 3.496227922850e-02 3.313075744277e-02 3.021581696662e-02 2.627371124205e-02 2.157556875611e-02 1.678515449383e-02 1.334843619603e-02 1.334842661502e-02 1.678517734646e-02 2.157559927281e-02 2.627373180664e-02 3.021584076811e-02 3.313081098804e-02 3.496220700881e-02 3.578108864656e-02
 3.671752111470e-02 3.626065434866e-02 3.473312506334e-02 3.200852425060e-02 2.810362623422e-02 2.328872524877e-02 1.828725943971e-02 1.467623169306e-02 1.467626072674e-02 1.828719562773e-02 2.328878781067e-02 2.810362523237e-02 3.200853668010e-02 3.473317304606e-02 3.626064973904e-02 3.671754862908e-02
 3.654657831462e-02 3.658880048139e-02 3.554737533101e-02 3.320509897334e-02 2.950197080309e-02 2.468074337778e-02 1.951287374405e-02 1.572131656878e-02 1.572130389566e-02 1.951287880470e-02 2.468071715191e-02 2.950200617773e-02 3.320514634111e-02 3.554732396431e-02 3.658891643382e-02 3.654655336210e-02
 3.498748346640e-02 3.572924731834e-02 3.545887370743e-02 3.379135197211e-02 3.051647974403e-02 2.580970168821e-02 2.048440541322e-02 1.645419618710e-02 1.645415656325e-02 2.048441818676e-02 2.580966209494e-02 3.051649139681e-02 3.379137154794e-02 3.545890769186e-02 3.572923847815e-02 3.498754109286e-02
 3.210342106414e-02 3.414169133839e-02 3.529260518954e-02 3.478613627079e-02 3.215377939035e-02 2.748947196900e-02 2.169545861922e-02 1.705132278975e-02 1.705137107631e-02 2.169536577885e-02 2.748954984782e-02 3.215376165376e-02 3.478613293450e-02 3.529267642370e-02 3.414167030921e-02 3.210342023600e-02
 3.180513409365e-02 3.763473462549e-02 4.166158605164e-02 4.254962863291e-02 3.986903111675e-02 3.385971038642e-02 2.570615863676e-02 1.859797794210e-02 1.859792252620e-02 2.570622571047e-02 3.385969751133e-02 3.986908416408e-02 4.254964763467e-02 4.166158426830e-02 3.763476966174e-02 3.180514114569e-02
 5.108288205390e-02 6.657440496789e-02 7.457498150870e-02 7.472350130115e-02 6.836326033295e-02 5.625309898757e-02 4.012632268954e-02 2.506382831164e-02 2.506383316089e-02 4.012635607112e-02 5.625311330282e-02 6.836327948186e-02 7.472349935078e-02 7.457502887944e-02 6.657443357226e-02 5.108291620385e-02
 1.111654247816e-01 1.502049621243e-01 1.679214413838e-01 1.646101163457e-01 1.507118695325e-01 1.276266054347e-01 9.968950224300e-02 7.743759515511e-02 7.743760277054e-02 9.968938610231e-02 1.276266276875e-01 1.507118095916e-01 1.646100804052e-01 1.679214452769e-01 1.502050877314e-01 1.111654414015e-01
 2.324490556167e-01 3.301373482010e-01 3.822676681592e-01 3.901144275587e-01 3.829088111808e-01 3.637636823419e-01 3.404952450321e-01 3.243028981430e-01 3.243027838358e-01 3.404950468035e-01 3.637638128996e-01 3.829087410379e-01 3.901142523736e-01 3.822678222504e-01 3.301374456722e-01 2.324490814189e-01
 4.183116052543e-01 6.116810839142e-01 7.298021959977e-01 7.702753527586e-01 7.893510660874e-01 7.900109748584e-01 7.807183975882e-01 7.722278839930e-01 7.722280082467e-01 7.807182792923e-01 7.900111045896e-01 7.893511784022e-01 7.702752882146e-01 7.298021902128e-01 6.116809402403e-01 4.183115674118e-01
 6.750189718638e-01 9.931687067323e-01 1.194283041684e+00 1.275196592649e+00 1.326181445405e+00 1.349159984060e+00 1.353545392963e+00 1.351480925268e+00 1.351481019031e+00 1.353545422514e+00 1.349160023095e+00 1.326181444302e+00 1.275196671602e+00 1.194283051015e+00 9.931685826567e-01 6.750189032885e-01
 1.011631304694e+00 1.491326344760e+00 1.799942934374e+00 1.934557841382e+00 2.028952729458e+00 2.083023151182e+00 2.106780758237e+00 2.113867410133e+00 2.113867354719e+00 2.106780863126e+00 2.083023244624e+00 2.028952759904e+00 1.934557900232e+00 1.799943088939e+00 1.491326407197e+00 1.011631311158e+00
 1.430635243818e+00 2.111444874671e+00 2.556086789385e+00 2.761972967477e+00 2.915715638476e+00 3.013821508941e+00 3.066007333514e+00 3.086888374603e+00 3.086888579124e+00 3.066007326554e+00 3.013821509288e+00 2.915715925929e+00 2.761972918321e+00 2.556086732874e+00 2.111444878314e+00 1.430635281612e+00
 1.922548393515e+00 2.840418154165e+00 3.449102261115e+00 3.745655451482e+00 3.976733177817e+00 4.133812207913e+00 4.225099971681e+00 4.265334511328e+00 4.265334587805e+00 4.225099947413e+00 4.133812347326e+00 3.976733235067e+00 3.745655523272e+00 3.449102139213e+00 2.840418111789e+00 1.922548398825e+00
 2.461669061131e+00 3.640715319776e+00 4.435151721972e+00 4.840035132391e+00 5.165087277156e+00 5.395185900340e+00 5.535756499317e+00 5.600698571862e+00 5.600698495889e+00 5.535756455183e+00 5.395186081485e+00 5.165087274870e+00 4.840035377687e+00 4.435151803899e+00 3.640715300704e+00 2.461669048272e+00
 3.004064283041e+00 4.447254185355e+00 5.435781520344e+00 5.960150904827e+00 6.390013371513e+00 6.702614070861e+00 6.899562613378e+00 6.993023658835e+00 6.993023750950e+00 6.899562475728e+00 6.702614135254e+00 6.390013436490e+00 5.960151059476e+00 5.435781871583e+00 4.447254262194e+00 3.004064206029e+00
 3.489196630859e+00 5.169427208611e+00 6.339401459636e+00 6.982185054669e+00 7.516742148060e+00 7.912652524177e+00 8.167160905912e+00 8.289976405824e+00 8.289976535843e+00 8.167160751247e+00 7.912652512442e+00 7.516742164937e+00 6.982185244147e+00 6.339401855349e+00 5.169427319345e+00 3.489196617238e+00
 3.846232438166e+00 5.699924982740e+00 7.010900673299e+00 7.752967602120e+00 8.376193298902e+00 8.843771691432e+00 9.148604291891e+00 9.297392903844e+00 9.297392751955e+00 9.148604163795e+00 8.843771666372e+00 8.376193205707e+00 7.752967861730e+00 7.010900886832e+00 5.699925044398e+00 3.846232437863e+00
 4.005140744715e+00 5.930607496386e+00 7.310063994613e+00 8.109657544150e+00 8.786228319162e+00 9.299101079425e+00 9.637236532039e+00 9.803766563434e+00 9.803766350241e+00 9.637236406526e+00 9.299101023073e+00 8.786228231951e+00 8.109657599990e+00 7.310064047726e+00 5.930607399963e+00 4.005140645730e+00
 3.911392704976e+00 5.773653114675e+00 7.117049886814e+00 7.908293134821e+00 8.583473318260e+00 9.101099856500e+00 9.446410127980e+00 9.618023706320e+00 9.618023722464e+00 9.446410034842e+00 9.101099561365e+00 8.583473438594e+00 7.908293020047e+00 7.117049744917e+00 5.773652906016e+00 3.911392637144e+00
 3.541757298555e+00 5.183874441126e+00 6.360441369757e+00 7.057027079118e+00 7.661541561417e+00 8.133842812718e+00 8.454555379767e+00 8.615987166289e+00 8.615986968368e+00 8.454555436275e+00 8.133842607797e+00 7.661541587442e+00 7.057026955406e+00 6.360441110608e+00 5.183874203151e+00 3.541757251282e+00
 2.917940125085e+00 4.175526214641e+00 5.041115389310e+00 5.547905998635e+00 6.008995003495e+00 6.385638073003e+00 6.650790583272e+00 6.787399872900e+00 6.787399636209e+00 6.650790743713e+00 6.385638050284e+00 6.008994977287e+00 5.547905756134e+00 5.041115211274e+00 4.175526058580e+00 2.917940038511e+00
 2.115936069590e+00 2.823193707635e+00 3.246046292474e+00 3.483230325992e+00 3.740655518315e+00 3.984321433876e+00 4.172534142825e+00 4.274439139623e+00 4.274439076257e+00 4.172534311951e+00 3.984321413945e+00 3.740655552320e+00 3.483230088714e+00 3.246046206765e+00 2.823193741497e+00 2.115936042047e+00
 1.353331085059e+00 1.620636991409e+00 1.654645691722e+00 1.630834561848e+00 1.699610861178e+00 1.817699111404e+00 1.928787996745e+00 1.993590740221e+00 1.993590697233e+00 1.928788103200e+00 1.817699036019e+00 1.699610800854e+00 1.630834532174e+00 1.654645632730e+00 1.620637019912e+00 1.353331094129e+00
 8.502811251007e-01 9.430466653209e-01 8.740130393041e-01 7.943695720702e-01 7.923309275593e-01 8.423068749008e-01 9.007671230837e-01 9.369384639124e-01 9.369384440650e-01 9.007671260137e-01 8.423068294638e-01 7.923308654454e-01 7.943695615052e-01 8.740130109793e-01 9.430466843586e-01 8.502811064601e-01

