480, 0.000795968
479.76, 0.000232634
479.519, 0.000615863
479.279, 0.000679939
479.04, 0.000535125
478.8, 0.000289772
478.561, 0.000135068
478.322, 0.000264196
478.083, 0.000349347
477.844, 0.00032592
477.606, 0.000229309
477.368, 0.000157724
477.13, 0.000200914
476.892, 0.000252977
476.655, 0.000249963
476.418, 0.000204257
476.181, 0.000170732
475.944, 0.000188551
475.708, 0.000215628
475.472, 0.000214593
475.236, 0.000191307
475, 0.000177213
474.765, 0.000187555
474.529, 0.000200618
474.294, 0.000198004
474.059, 0.000185611
473.825, 0.000181345
473.591, 0.000188953
473.356, 0.000194928
473.123, 0.000191174
472.889, 0.000184739
472.655, 0.000185529
472.422, 0.000191535
472.189, 0.0001936
471.957, 0.00018981
471.724, 0.000187239
471.492, 0.000190569
471.26, 0.000195162
471.028, 0.000194974
470.796, 0.000191904
470.565, 0.000192304
470.334, 0.000196851
470.103, 0.000199805
469.872, 0.000198341
469.642, 0.000196735
469.412, 0.000199503
469.182, 0.000204257
468.952, 0.000205644
468.722, 0.000203653
468.493, 0.000203989
468.264, 0.000208797
468.035, 0.000212876
467.807, 0.000212528
467.578, 0.000210946
467.35, 0.000213826
467.122, 0.000219818
466.894, 0.000222623
466.667, 0.000220875
466.439, 0.000220766
466.212, 0.000226374
465.985, 0.000232656
465.759, 0.00023339
465.532, 0.000231105
465.306, 0.000233695
465.08, 0.000241848
464.854, 0.000247144
464.629, 0.000245542
464.403, 0.000244069
464.178, 0.000250598
463.953, 0.000260419
463.729, 0.000263205
463.504, 0.000259413
463.28, 0.000261
463.056, 0.000272367
462.832, 0.000282072
462.609, 0.000280804
462.385, 0.000276409
462.162, 0.000283867
461.939, 0.000299862
461.716, 0.00030664
461.494, 0.000300184
461.272, 0.000298437
461.05, 0.000315248
460.828, 0.000334167
460.606, 0.000333997
460.385, 0.000322146
460.163, 0.000328953
459.942, 0.000358433
459.722, 0.000376546
459.501, 0.000363995
459.281, 0.000348671
459.06, 0.000373413
458.84, 0.000418163
458.621, 0.000428479
458.401, 0.000396099
458.182, 0.000384363
457.963, 0.000442213
457.744, 0.000502435
457.525, 0.000490724
457.307, 0.000426877
457.088, 0.000439549
456.87, 0.000556463
456.652, 0.000627699
456.435, 0.000564867
456.217, 0.000448642
456, 0.000535521
455.783, 0.000752939
455.566, 0.000833176
455.35, 0.000674629
455.133, 0.000449099
454.917, 0.000699744
454.701, 0.00110209
454.485, 0.00122396
454.269, 0.000915864
454.054, 0.000404338
453.839, 0.00098885
453.624, 0.0017706
453.409, 0.00205767
453.195, 0.00157161
452.98, 0.000372494
452.766, 0.00158717
452.552, 0.00334803
452.338, 0.0043498
452.125, 0.00385181
451.911, 0.00123938
451.698, 0.00405816
451.485, 0.0135288
451.272, 0.0397635
451.06, 0.0573286
450.847, 0.00526572
450.635, 0.00352162
450.423, 0.00609649
450.212, 0.00574722
450, 0.00383617
449.789, 0.00140208
449.577, 0.000772613
449.366, 0.00208135
449.156, 0.00239663
448.945, 0.00185942
448.735, 0.000859143
448.525, 0.000426052
448.315, 0.00109432
448.105, 0.00133947
447.895, 0.00110908
447.686, 0.000613143
447.477, 0.000410001
447.268, 0.000715513
447.059, 0.000852805
446.85, 0.000725976
446.642, 0.000473574
446.434, 0.00040556
446.226, 0.000545364
446.018, 0.000599865
445.81, 0.000513193
445.603, 0.000387861
445.395, 0.000381225
445.188, 0.000447751
444.981, 0.000454224
444.775, 0.000388683
444.568, 0.000331511
444.362, 0.000348441
444.156, 0.000379156
443.95, 0.000361105
443.744, 0.000309793
443.539, 0.000290035
443.333, 0.000316335
443.128, 0.000329381
442.923, 0.000298136
442.718, 0.000252938
442.514, 0.000253321
442.309, 0.000289155
442.105, 0.00029814
441.901, 0.000256846
441.697, 0.0002031
441.494, 0.000216645
441.29, 0.000273037
441.087, 0.000285
440.884, 0.000223374
440.681, 0.000151143
440.478, 0.000202338
440.276, 0.000269795
440.074, 0.000254377
439.871, 0.000175084
439.669, 0.000143351
439.468, 0.000197634
439.266, 0.000227301
439.065, 0.000204975
438.863, 0.000162621
438.662, 0.000151409
438.462, 0.000170514
438.261, 0.000181557
438.06, 0.000175113
437.86, 0.000163083
437.66, 0.000153452
437.46, 0.000144873
437.26, 0.000142639
437.061, 0.000155182
436.861, 0.000168899
436.662, 0.00015872
436.463, 0.000118864
436.264, 9.99174e-05
436.066, 0.000155269
435.867, 0.000201133
435.669, 0.000168283
435.471, 5.0539e-05
435.273, 0.000134392
435.075, 0.000206795
434.877, 0.00016839
434.68, 8.39504e-05
434.483, 8.13346e-05
434.286, 0.000130728
434.089, 0.000144193
433.892, 0.00012244
433.696, 9.17453e-05
433.499, 8.75455e-05
433.303, 0.000105056
433.107, 0.000114964
432.911, 0.000108563
432.716, 9.32126e-05
432.52, 8.42761e-05
432.325, 8.94671e-05
432.13, 9.84058e-05
431.935, 9.90062e-05
431.74, 8.89689e-05
431.546, 7.72659e-05
431.351, 7.79763e-05
431.157, 8.90391e-05
430.963, 9.39995e-05
430.769, 8.42436e-05
430.576, 6.71952e-05
430.382, 6.6972e-05
430.189, 8.64071e-05
429.996, 9.84722e-05
429.803, 8.76285e-05
429.61, 5.80239e-05
429.417, 5.22901e-05
429.225, 9.17924e-05
429.032, 0.000122523
428.84, 0.000119234
428.648, 7.54947e-05
428.456, 2.55777e-05
428.265, 0.000105278
428.073, 0.000182355
427.882, 0.00021291
427.691, 0.0001725
427.5, 5.47484e-05
427.309, 0.000123854
427.119, 0.000316642
426.928, 0.000458701
426.738, 0.000474763
426.548, 0.000296436
426.358, 0.000142442
426.168, 0.000852671
425.979, 0.00198435
425.789, 0.00461435
425.6, 0.00884063
425.411, 0.000163042
425.222, 0.000868968
425.033, 0.0010708
424.845, 0.000898406
424.656, 0.000541025
424.468, 0.000156873
424.28, 0.000216279
424.092, 0.000394051
423.904, 0.000416117
423.717, 0.000308962
423.529, 0.00015147
423.342, 0.0001358
423.155, 0.000230517
422.968, 0.000260104
422.781, 0.000215388
422.595, 0.000141743
422.408, 0.000127839
422.222, 0.000169085
422.036, 0.000185818
421.85, 0.00016428
421.664, 0.000131968
421.479, 0.000126585
421.293, 0.00014104
421.108, 0.000145443
420.923, 0.000135566
420.738, 0.000125265
420.553, 0.000122861
420.369, 0.000122153
420.184, 0.000120108
420, 0.000121635
419.816, 0.000124233
419.632, 0.000117443
419.448, 0.000102001
419.264, 0.000100802
419.081, 0.00012183
418.898, 0.000134425
418.714, 0.000115125
418.531, 7.36894e-05
418.349, 8.49449e-05
418.166, 0.000142288
417.983, 0.00016894
417.801, 0.000137029
417.619, 5.77884e-05
417.437, 9.40778e-05
417.255, 0.000196138
417.073, 0.000244993
416.892, 0.000216916
416.71, 0.000148325
416.529, 0.000170864
416.348, 0.000256757
416.167, 0.00042765
415.986, 0.00121893
415.805, 0.00213563
415.625, 0.0022942
415.445, 0.00241829
415.265, 0.00202303
415.085, 0.00140963
414.905, 0.0010605
414.725, 0.000912048
414.545, 0.000753089
414.366, 0.000539727
414.187, 0.000363784
414.008, 0.000340418
413.829, 0.000378934
413.65, 0.00035162
413.472, 0.00024449
413.293, 0.000117703
413.115, 0.000130454
412.937, 0.000201902
412.759, 0.000209397
412.581, 0.000147631
412.403, 4.56294e-05
412.226, 6.05778e-05
412.048, 0.000129464
411.871, 0.000145554
411.694, 0.000112242
411.517, 6.05249e-05
411.34, 6.81544e-05
411.164, 0.000107483
410.987, 0.000119327
410.811, 0.000101106
410.635, 7.76092e-05
410.459, 8.45865e-05
410.283, 0.000106486
410.107, 0.000113089
409.932, 0.000101163
409.756, 8.93326e-05
409.581, 9.78717e-05
409.406, 0.00011439
409.231, 0.000117959
409.056, 0.000107048
408.881, 9.96661e-05
408.707, 0.000112632
408.532, 0.000130035
408.358, 0.000130957
408.184, 0.000115773
408.01, 0.000111275
407.836, 0.000134995
407.663, 0.000157841
407.489, 0.000152877
407.316, 0.000125393
407.143, 0.000125787
406.97, 0.000173272
406.797, 0.000208207
406.624, 0.000191478
406.452, 0.000134071
406.279, 0.000144277
406.107, 0.000241844
405.935, 0.00030387
405.763, 0.000271496
405.591, 0.000149595
405.419, 0.000166957
405.248, 0.000366714
405.076, 0.000494815
404.905, 0.000457883
404.734, 0.000230274
404.563, 0.000194322
404.392, 0.000614892
404.221, 0.000926536
404.051, 0.000954278
403.88, 0.000580246
403.71, 0.000233672
403.54, 0.0013725
403.37, 0.00266578
403.2, 0.00385141
403.03, 0.00467123
402.861, 0.0214437
402.691, 0.00491287
402.522, 0.00399363
402.353, 0.00274758
402.184, 0.00139396
402.015, 0.000196922
401.846, 0.000673528
401.678, 0.00107093
401.509, 0.00102676
401.341, 0.000659116
401.173, 0.00016739
401.005, 0.000344687
400.837, 0.00061379
400.669, 0.000627267
400.502, 0.000406793
400.334, 8.57765e-05
400.167, 0.000320958
400, 0.000531628


