7.614138741965e-02 9.511541296982e-02 1.125573642335e-01 1.212690719151e-01 1.174845350972e-01 1.016210796393e-01 7.747693809908e-02 5.537566829603e-02 5.537563360197e-02 7.747688838077e-02 1.016210076251e-01 1.174845050350e-01 1.212690699339e-01 1.125573862157e-01 9.511542467332e-02 7.614138619395e-02
 9.115011553339e-02 1.239484869122e-01 1.559890941919e-01 1.726636140329e-01 1.687862700512e-01 1.445900958206e-01 1.050401569505e-01 6.496323504332e-02 6.496318182250e-02 1.050399933943e-01 1.445900228179e-01 1.687863063954e-01 1.726635962098e-01 1.559890808411e-01 1.239484756591e-01 9.115008562284e-02
 1.001133209555e-01 1.445808392066e-01 1.927270710520e-01 2.206171481605e-01 2.189559563769e-01 1.862986909021e-01 1.272597541650e-01 5.549764441656e-02 5.549755544382e-02 1.272595528893e-01 1.862985898537e-01 2.189559950175e-01 2.206172209314e-01 1.927270835483e-01 1.445808087241e-01 1.001132981776e-01
 1.017333597511e-01 1.488256343398e-01 2.078411824682e-01 2.504424433788e-01 2.575206032323e-01 2.257917638251e-01 1.614186123420e-01 8.687241284013e-02 8.687229946520e-02 1.614185979336e-01 2.257916902759e-01 2.575206750011e-01 2.504425963039e-01 2.078413466911e-01 1.488257083298e-01 1.017333529449e-01
 9.594081327480e-02 1.423656864351e-01 2.086134743326e-01 2.652349353786e-01 2.830354100623e-01 2.560267908865e-01 1.917718304964e-01 1.196424242827e-01 1.196423640701e-01 1.917715201466e-01 2.560266700974e-01 2.830355255522e-01 2.652350932743e-01 2.086136198173e-01 1.423657125725e-01 9.594077548306e-02
 8.218209490556e-02 1.237515789029e-01 1.945233119800e-01 2.639500270097e-01 2.913175745261e-01 2.681355057042e-01 2.020304679603e-01 1.247318378220e-01 1.247315762299e-01 2.020301407997e-01 2.681354289932e-01 2.913176996366e-01 2.639501217855e-01 1.945233012127e-01 1.237514824864e-01 8.218203573489e-02
 6.136169365595e-02 9.518182894122e-02 1.707052325046e-01 2.516623277683e-01 2.860869851142e-01 2.643700665750e-01 1.929829017053e-01 1.003711647467e-01 1.003709746262e-01 1.929827832275e-01 2.643699446136e-01 2.860869704955e-01 2.516623306787e-01 1.707051077367e-01 9.518164935547e-02 6.136157481152e-02
 3.631192042254e-02 6.430613967829e-02 1.491944042177e-01 2.393479952285e-01 2.780238027847e-01 2.566483114014e-01 1.804268197780e-01 6.733720611809e-02 6.733713809943e-02 1.804268005317e-01 2.566483550854e-01 2.780238632724e-01 2.393478848443e-01 1.491941730418e-01 6.430600464626e-02 3.631187065014e-02
 1.722178307276e-02 5.155441871889e-02 1.452903556189e-01 2.385119081727e-01 2.788793074621e-01 2.596010732664e-01 1.873763022970e-01 8.802544395363e-02 8.802554172218e-02 1.873763890561e-01 2.596011620950e-01 2.788793252229e-01 2.385116840486e-01 1.452900872218e-01 5.155428685388e-02 1.722172612367e-02
 3.075523361165e-02 7.129526732594e-02 1.622563705155e-01 2.514883591948e-01 2.918075907126e-01 2.776505823469e-01 2.192231133523e-01 1.520317599066e-01 1.520317363085e-01 2.192231995512e-01 2.776507099702e-01 2.918076063282e-01 2.514882527680e-01 1.622563238033e-01 7.129520170513e-02 3.075523346374e-02
 5.260438441489e-02 9.992150358839e-02 1.868402764886e-01 2.691674958565e-01 3.084742889144e-01 3.006712809964e-01 2.578303437378e-01 2.131032991285e-01 2.131034027875e-01 2.578304741215e-01 3.006714971414e-01 3.084744796258e-01 2.691674417188e-01 1.868403780954e-01 9.992168329153e-02 5.260444777963e-02
 6.926219212620e-02 1.219330589967e-01 2.049934256041e-01 2.794777664993e-01 3.166738151336e-01 3.141718455108e-01 2.838793513660e-01 2.531822278575e-01 2.531822789415e-01 2.838794647209e-01 3.141721242733e-01 3.166740371869e-01 2.794778337738e-01 2.049936448367e-01 1.219331758780e-01 6.926230564248e-02
 7.813210360138e-02 1.322333068362e-01 2.090705143968e-01 2.743435130574e-01 3.077468995244e-01 3.082746678873e-01 2.866304625974e-01 2.647032241267e-01 2.647031053077e-01 2.866304774794e-01 3.082747222642e-01 3.077470304347e-01 2.743434986347e-01 2.090706678443e-01 1.322333599983e-01 7.813215065710e-02
 7.880396273999e-02 1.298548543418e-01 1.969742046645e-01 2.511623347481e-01 2.787809107059e-01 2.797621072729e-01 2.632429744256e-01 2.466266266954e-01 2.466265468069e-01 2.632428279580e-01 2.797617736651e-01 2.787807398652e-01 2.511623413460e-01 1.969743091432e-01 1.298549359071e-01 7.880398719529e-02
 7.223247052715e-02 1.162566385669e-01 1.704083848584e-01 2.117740059634e-01 2.317886919402e-01 2.308626415407e-01 2.165099927972e-01 2.026833010195e-01 2.026831772738e-01 2.165096241233e-01 2.308624422806e-01 2.317883777831e-01 2.117738737033e-01 1.704082869457e-01 1.162566300522e-01 7.223251365850e-02
 6.033471064962e-02 9.441088301662e-02 1.333194456529e-01 1.607864494795e-01 1.719444182857e-01 1.672213334838e-01 1.524956774205e-01 1.392590372793e-01 1.392589257588e-01 1.524953800843e-01 1.672211522188e-01 1.719442887048e-01 1.607862398948e-01 1.333192499458e-01 9.441078829596e-02 6.033473930731e-02
 4.557231919888e-02 6.794800369120e-02 9.053672413711e-02 1.041925535361e-01 1.063691271454e-01 9.682852146740e-02 7.923017857860e-02 6.320810862463e-02 6.320807140820e-02 7.923007779986e-02 9.682828518552e-02 1.063690566688e-01 1.041924710275e-01 9.053664563471e-02 6.794800300648e-02 4.557230651804e-02
 3.063841217215e-02 4.254808760860e-02 5.282668052150e-02 5.788072588433e-02 5.640533050116e-02 4.766665146201e-02 3.260279448540e-02 1.471915162191e-02 1.471910805628e-02 3.260274132684e-02 4.766660111877e-02 5.640530846245e-02 5.788074084651e-02 5.282667504806e-02 4.254807130577e-02 3.063841569190e-02
 1.907440344652e-02 2.489987783678e-02 2.953518107340e-02 3.167075742722e-02 3.037656090630e-02 2.528280210027e-02 1.676281598032e-02 5.871705957818e-03 5.871646994709e-03 1.676280563312e-02 2.528277278358e-02 3.037659208679e-02 3.167077313349e-02 2.953515912201e-02 2.489981705229e-02 1.907443381544e-02
 1.125823820713e-02 1.412715959750e-02 1.635904803890e-02 1.727517570822e-02 1.639978379513e-02 1.356103921697e-02 8.958726189416e-03 3.142580585076e-03 3.142530132413e-03 8.958705098492e-03 1.356105008483e-02 1.639979858071e-02 1.727517739574e-02 1.635902692648e-02 1.412717886211e-02 1.125818696489e-02
 6.339852080716e-03 7.725300847855e-03 8.759371530562e-03 9.118778473921e-03 8.573725089628e-03 7.046294003474e-03 4.640911430108e-03 1.640889655301e-03 1.640857655883e-03 4.640863873627e-03 7.046296728996e-03 8.573758511740e-03 9.118795173286e-03 8.759358978680e-03 7.725259141526e-03 6.339888526204e-03
 3.425063526271e-03 4.069824537937e-03 4.526784953192e-03 4.648777366421e-03 4.330610857061e-03 3.539164733369e-03 2.328255823101e-03 8.478860956013e-04 8.478476542394e-04 2.328237568908e-03 3.539196588609e-03 4.330626861487e-03 4.648766750822e-03 4.526779730964e-03 4.069818095119e-03 3.425059207709e-03
 1.801046148370e-03 2.084333515412e-03 2.271846496428e-03 2.299423469207e-03 2.121630240529e-03 1.725887137986e-03 1.140541386958e-03 4.543056900959e-04 4.542485415122e-04 1.140562413665e-03 1.725885282856e-03 2.121655153281e-03 2.299415409834e-03 2.271811965156e-03 2.084355032351e-03 1.801056382918e-03
 9.590070224330e-04 1.071718163264e-03 1.137336018735e-03 1.129514908326e-03 1.030195618705e-03 8.358385709127e-04 5.629987303528e-04 2.698470833216e-04 2.698437382361e-04 5.629519169588e-04 8.358562694675e-04 1.030196189875e-03 1.129534370004e-03 1.137331340177e-03 1.071684856380e-03 9.590191093123e-04
 5.607746162743e-04 5.967300497833e-04 6.091864624405e-04 5.882844121866e-04 5.278123885280e-04 4.283051061756e-04 3.006236746011e-04 1.811249768609e-04 1.810790150465e-04 3.006542977912e-04 4.283441927876e-04 5.278094562623e-04 5.882518099898e-04 6.091967487031e-04 5.967393017695e-04 5.607722773071e-04
 3.931719978007e-04 3.973974430517e-04 3.880658069158e-04 3.619330101471e-04 3.178314783700e-04 2.577559962987e-04 1.891801867105e-04 1.332575777601e-04 1.332758750137e-04 1.891915575894e-04 2.577324609699e-04 3.178695416164e-04 3.619720859023e-04 3.880471091917e-04 3.973811216260e-04 3.932048034072e-04
 3.324143176400e-04 3.240242557154e-04 3.060411218784e-04 2.775318075685e-04 2.387720992516e-04 1.920134353297e-04 1.430532657309e-04 1.059858869446e-04 1.060031395153e-04 1.430473064452e-04 1.920713772767e-04 2.387645175392e-04 2.775158491364e-04 3.060285816488e-04 3.240237509601e-04 3.324172077088e-04
 3.161471876954e-04 3.019768605888e-04 2.797602309148e-04 2.492351581492e-04 2.111334802596e-04 1.676452728786e-04 1.233927323163e-04 9.040194466447e-05 9.039764700611e-05 1.234443912070e-04 1.676016319687e-04 2.111462615880e-04 2.491999952560e-04 2.797537039648e-04 3.019861584480e-04 3.161193889162e-04
 3.161587062436e-04 2.986803898598e-04 2.736494358307e-04 2.411819430450e-04 2.020386027039e-04 1.581849935705e-04 1.139271503716e-04 8.026301682529e-05 8.026755768431e-05 1.139074782951e-04 1.581760644783e-04 2.020218540902e-04 2.411768201220e-04 2.736405990771e-04 2.986624302736e-04 3.161654499499e-04
 3.199021182457e-04 3.002858762735e-04 2.733066448667e-04 2.391235888941e-04 1.986192932546e-04 1.534806187350e-04 1.075785760831e-04 7.160686674592e-05 7.161771454867e-05 1.075486745275e-04 1.534800746468e-04 1.985764929546e-04 2.391107420342e-04 2.733091085165e-04 3.003065165904e-04 3.198947134705e-04
 3.216727791912e-04 3.008088792641e-04 2.726214501348e-04 2.373235137334e-04 1.957245100999e-04 1.494652972317e-04 1.017850077346e-04 6.275348386462e-05 6.277349168408e-05 1.017396892964e-04 1.494316289432e-04 1.957069309091e-04 2.373182569551e-04 2.726314571620e-04 3.008356590938e-04 3.216772511189e-04
 3.188166549914e-04 2.974429542680e-04 2.688232606114e-04 2.332206196303e-04 1.912857347280e-04 1.445166714447e-04 9.565050187167e-05 5.361112125464e-05 5.358146016792e-05 9.565204863076e-05 1.444744871373e-04 1.912933149785e-04 2.332228419469e-04 2.688653065277e-04 2.974597457805e-04 3.188254395038e-04
 3.099029182810e-04 2.888379618542e-04 2.606106183796e-04 2.255075486966e-04 1.842735634454e-04 1.379940508265e-04 8.898604280747e-05 4.447916613375e-05 4.448693334017e-05 8.898866977883e-05 1.379868806424e-04 1.842713586363e-04 2.255269298921e-04 2.606366136846e-04 2.888606916894e-04 3.099171586621e-04
 2.946224461939e-04 2.744606643899e-04 2.474599839462e-04 2.138500779752e-04 1.742161638772e-04 1.296015154357e-04 8.175102111523e-05 3.576288292134e-05 3.575971632390e-05 8.173583024483e-05 1.295958443516e-04 1.742088434139e-04 2.138735285426e-04 2.474688707540e-04 2.744507870600e-04 2.946328148581e-04
 2.734967129039e-04 2.548414380034e-04 2.298416973435e-04 1.985740332039e-04 1.614998132615e-04 1.195831483387e-04 7.414176029735e-05 2.800671687137e-05 2.801568639219e-05 7.412162931213e-05 1.195668595171e-04 1.615026285290e-04 1.985842891805e-04 2.298466917140e-04 2.548641184933e-04 2.734817358788e-04
 2.481646624390e-04 2.317505268588e-04 2.093679571965e-04 1.811258214663e-04 1.475059334264e-04 1.091944837561e-04 6.743722112797e-05 2.435193414704e-05 2.433201593946e-05 6.743200417594e-05 1.092173365462e-04 1.474896346152e-04 1.811427727019e-04 2.093816952425e-04 2.317435134766e-04 2.481732043403e-04
 2.216585510849e-04 2.080458469146e-04 1.890172936958e-04 1.645689638360e-04 1.351198175413e-04 1.015419600902e-04 6.549936922140e-05 3.231306213305e-05 3.232778465442e-05 6.550151650990e-05 1.015123275830e-04 1.351412549203e-04 1.645879091229e-04 1.890104464283e-04 2.080393313191e-04 2.216725475568e-04
 1.985238402439e-04 1.886114781951e-04 1.737738249841e-04 1.540423590535e-04 1.298166935044e-04 1.024969633421e-04 7.494054952952e-05 5.429618480765e-05 5.431210068011e-05 7.490772001907e-05 1.025011830841e-04 1.298112871456e-04 1.540184057117e-04 1.738015134796e-04 1.886085397914e-04 1.985562671828e-04
 1.857443032734e-04 1.808736675437e-04 1.715110331758e-04 1.575938536459e-04 1.397494978619e-04 1.197838153214e-04 1.009747848227e-04 8.887546162452e-05 8.886380762998e-05 1.009903215044e-04 1.197551149314e-04 1.397424933985e-04 1.575890013321e-04 1.714820949585e-04 1.808537795769e-04 1.857872730156e-04
 1.934854194445e-04 1.964156779456e-04 1.948037897628e-04 1.878343909585e-04 1.760216529801e-04 1.609362130637e-04 1.462560639296e-04 1.368726666797e-04 1.368416289890e-04 1.462597584950e-04 1.609344027011e-04 1.759902200148e-04 1.878562318226e-04 1.947695092865e-04 1.964081976761e-04 1.934538688953e-04
 2.443201268497e-04 2.635767870600e-04 2.754170156017e-04 2.764903824979e-04 2.654154044975e-04 2.441336207720e-04 2.192347885527e-04 2.015987627357e-04 2.016088040346e-04 2.192140122163e-04 2.441616814171e-04 2.654197025834e-04 2.764876982253e-04 2.753699322043e-04 2.635631424579e-04 2.443143471801e-04
 4.048257414556e-04 4.619910416067e-04 5.008723925996e-04 5.110413500115e-04 4.862141993980e-04 4.283962762367e-04 3.520305114654e-04 2.911791630889e-04 2.911735067339e-04 3.520128649295e-04 4.283994161648e-04 4.862552415111e-04 5.110307262981e-04 5.008519460688e-04 4.619262102929e-04 4.048179659070e-04
 8.082022550130e-04 9.473932340338e-04 1.043120682119e-03 1.068043930391e-03 1.003844623050e-03 8.491256791097e-04 6.294462029222e-04 4.266505327174e-04 4.265954244235e-04 6.294607461761e-04 8.491424192452e-04 1.003860523121e-03 1.068041709110e-03 1.043101072451e-03 9.473772667160e-04 8.081862220291e-04
 1.663012346922e-03 1.975529357614e-03 2.195390508513e-03 2.257022830424e-03 2.113741479733e-03 1.754727509775e-03 1.220267350911e-03 6.598443047217e-04 6.598342418798e-04 1.220252986767e-03 1.754749818199e-03 2.113756240556e-03 2.257061701603e-03 2.195410601404e-03 1.975525007251e-03 1.663021018118e-03
 3.292822452187e-03 3.964634389842e-03 4.454776156354e-03 4.613512436103e-03 4.332388134970e-03 3.578685098120e-03 2.419258516388e-03 1.099478580769e-03 1.099490681610e-03 2.419233897155e-03 3.578703425187e-03 4.332444915547e-03 4.613566722756e-03 4.454811984060e-03 3.964632446893e-03 3.292816978676e-03
 6.180664477943e-03 7.577284741657e-03 8.641855877426e-03 9.044064971423e-03 8.546756198365e-03 7.069730717518e-03 4.731047899227e-03 1.940632189145e-03 1.940601835289e-03 4.731081229174e-03 7.069748036039e-03 8.546798374317e-03 9.044094028304e-03 8.641869454584e-03 7.577304752270e-03 6.180658823749e-03
 1.099377329211e-02 1.381645260587e-02 1.607102822838e-02 1.704400667449e-02 1.624545457856e-02 1.349723742731e-02 9.013314392461e-03 3.511608787619e-03 3.511615491906e-03 9.013294133948e-03 1.349722635953e-02 1.624545491097e-02 1.704401975714e-02 1.607103280182e-02 1.381644198530e-02 1.099374965675e-02
 1.855211525097e-02 2.413653265894e-02 2.880619825711e-02 3.103229688599e-02 2.988205881814e-02 2.497591788445e-02 1.670427189636e-02 6.365537551204e-03 6.365553710546e-03 1.670424311306e-02 2.497589471582e-02 2.988202906744e-02 3.103225054966e-02 2.880614949399e-02 2.413649916001e-02 1.855209949468e-02
 2.963207345854e-02 4.056767412391e-02 5.033605561542e-02 5.536968846766e-02 5.392114838637e-02 4.535352572833e-02 3.044028704499e-02 1.163183779187e-02 1.163185499320e-02 3.044029979770e-02 4.535350211176e-02 5.392104676909e-02 5.536956700027e-02 5.033596744801e-02 4.056762361734e-02 2.963201863559e-02
 4.377759178419e-02 6.358312041603e-02 8.243588231948e-02 9.239164496733e-02 9.083387549120e-02 7.699154663563e-02 5.251499751785e-02 2.286822333859e-02 2.286824013732e-02 5.251504331243e-02 7.699157557398e-02 9.083373545612e-02 9.239143795262e-02 8.243570800396e-02 6.358308434982e-02 4.377760222754e-02
 5.848051137699e-02 8.827030678729e-02 1.179165668326e-01 1.341796699735e-01 1.332548696030e-01 1.142173906068e-01 8.004220700792e-02 4.101663318005e-02 4.101676622756e-02 8.004231259762e-02 1.142172875443e-01 1.332546602942e-01 1.341794379476e-01 1.179164076792e-01 8.827037539926e-02 5.848059147635e-02
 7.071096129238e-02 1.089424657357e-01 1.488239430989e-01 1.722406301307e-01 1.730462608013e-01 1.498746206028e-01 1.069248132457e-01 5.894078553145e-02 5.894091327652e-02 1.069248216271e-01 1.498747144620e-01 1.730461932618e-01 1.722402920020e-01 1.488237840985e-01 1.089425421938e-01 7.071106198104e-02
 7.804106930513e-02 1.225058472587e-01 1.719130492052e-01 2.032916657931e-01 2.069751475238e-01 1.809313846250e-01 1.303189588321e-01 7.362774613981e-02 7.362768361049e-02 1.303190026625e-01 1.809315756144e-01 2.069751873379e-01 2.032914274685e-01 1.719129923158e-01 1.225059733085e-01 7.804119694068e-02
 7.869015072434e-02 1.264612872417e-01 1.841799727177e-01 2.240920087802e-01 2.317880982560e-01 2.043878046860e-01 1.476214582470e-01 8.265181158603e-02 8.265177706491e-02 1.476216429099e-01 2.043878213889e-01 2.317880941546e-01 2.240919520446e-01 1.841799896557e-01 1.264614587600e-01 7.869029481010e-02
 7.188286854934e-02 1.196213979230e-01 1.839208914208e-01 2.325075124527e-01 2.451982535170e-01 2.181630729930e-01 1.572697675888e-01 8.495336101713e-02 8.495334353365e-02 1.572697829712e-01 2.181631835374e-01 2.451980910923e-01 2.325072783282e-01 1.839208732247e-01 1.196215163265e-01 7.188294622504e-02
 5.825139599030e-02 1.027770555126e-01 1.716462944164e-01 2.284543584396e-01 2.467743241031e-01 2.219013828940e-01 1.595120913614e-01 8.196865262031e-02 8.196861203384e-02 1.595121398177e-01 2.219015285683e-01 2.467740816509e-01 2.284539008351e-01 1.716460729427e-01 1.027770622381e-01 5.825148476305e-02
 4.063134840579e-02 7.962220547511e-02 1.509124128420e-01 2.145502607947e-01 2.384478083523e-01 2.173171655047e-01 1.565845515539e-01 7.815169569277e-02 7.815154350703e-02 1.565845353153e-01 2.173171560549e-01 2.384475469423e-01 2.145498975001e-01 1.509121784762e-01 7.962216274325e-02 4.063136985056e-02
 2.766782151509e-02 5.918596070834e-02 1.290685857473e-01 1.961953847016e-01 2.243201422509e-01 2.077173878925e-01 1.517126836451e-01 7.868394444721e-02 7.868383951236e-02 1.517123685396e-01 2.077172509775e-01 2.243200432670e-01 1.961950774580e-01 1.290682109463e-01 5.918577149326e-02 2.766780753483e-02
 3.454386306914e-02 5.730289739375e-02 1.165640569394e-01 1.804560854777e-01 2.094575051145e-01 1.965679437491e-01 1.469273600570e-01 8.373014991377e-02 8.372994906695e-02 1.469272365490e-01 1.965678463919e-01 2.094573771669e-01 1.804557940931e-01 1.165638874540e-01 5.730283188859e-02 3.454377467955e-02
 5.285533175007e-02 7.538139709301e-02 1.201328845002e-01 1.728977286456e-01 1.977440014160e-01 1.857396442749e-01 1.413460958387e-01 8.714245645697e-02 8.714240140582e-02 1.413460769375e-01 1.857397071514e-01 1.977440121941e-01 1.728976518272e-01 1.201328812695e-01 7.538131134779e-02 5.285525778128e-02
 7.015014094018e-02 9.765437063108e-02 1.347790141851e-01 1.737593376066e-01 1.900296216416e-01 1.749646187057e-01 1.321673874978e-01 8.195618406264e-02 8.195636009052e-02 1.321674390255e-01 1.749646910783e-01 1.900298247970e-01 1.737595105569e-01 1.347789964918e-01 9.765438034481e-02 7.015009478530e-02
 8.226948897865e-02 1.148304394624e-01 1.502282477129e-01 1.781714289606e-01 1.844289376350e-01 1.633575497091e-01 1.180556538827e-01 6.496576172750e-02 6.496580363967e-02 1.180558189060e-01 1.633576009043e-01 1.844289932603e-01 1.781715299033e-01 1.502283607890e-01 1.148305255563e-01 8.226949194263e-02
 8.801297214796e-02 1.238254754529e-01 1.595441363810e-01 1.803290396031e-01 1.784517743863e-01 1.516404198465e-01 1.027296122050e-01 4.105488506696e-02 4.105494324951e-02 1.027296443812e-01 1.516405672462e-01 1.784519863734e-01 1.803292367130e-01 1.595442229070e-01 1.238254715625e-01 8.801299004174e-02
 8.764302191100e-02 1.251769895939e-01 1.602771883635e-01 1.761283795475e-01 1.705209558655e-01 1.426757356634e-01 9.600189953118e-02 3.962048783350e-02 3.962072087466e-02 9.600212652764e-02 1.426758288998e-01 1.705210844969e-01 1.761286479220e-01 1.602772267870e-01 1.251769045580e-01 8.764292726017e-02
 8.016748082496e-02 1.100527818678e-01 1.378054982628e-01 1.507217198839e-01 1.463560460396e-01 1.247327945483e-01 9.004370725986e-02 5.486875872745e-02 5.486880827393e-02 9.004386077897e-02 1.247327795421e-01 1.463560919239e-01 1.507219158313e-01 1.378055274153e-01 1.100526816572e-01 8.016744712787e-02
 6.700706327588e-02 8.466613699276e-02 1.011612173451e-01 1.097365890379e-01 1.064573799320e-01 9.163991256848e-02 6.859404589583e-02 4.676003345576e-02 4.676002616063e-02 6.859407984323e-02 9.163989966405e-02 1.064573737581e-01 1.097366216728e-01 1.011612143888e-01 8.466608693093e-02 6.700706399638e-02

