3.538305817227e-01 3.902994901236e-01 3.717481489181e-01 4.051884696189e-01 4.694619596222e-01 5.368305684946e-01 5.893174192685e-01 6.175460895197e-01 6.175461080698e-01 5.893173915186e-01 5.368305450622e-01 4.694619427195e-01 4.051884661989e-01 3.717481674778e-01 3.902995147529e-01 3.538306104473e-01
 5.339065025597e-01 6.437810656671e-01 7.051182599305e-01 8.145821773646e-01 9.667352413979e-01 1.107171715299e+00 1.210708985958e+00 1.265081238548e+00 1.265081332084e+00 1.210708823864e+00 1.107171709597e+00 9.667352219044e-01 8.145820935047e-01 7.051183324040e-01 6.437811040946e-01 5.339065359013e-01
 8.066312175134e-01 1.111783837450e+00 1.448845935563e+00 1.794362157099e+00 2.129349820801e+00 2.407420759244e+00 2.603965498283e+00 2.705354614943e+00 2.705354578884e+00 2.603965363944e+00 2.407420779125e+00 2.129349797732e+00 1.794362064390e+00 1.448845960623e+00 1.111783876711e+00 8.066312350533e-01
 1.077584703949e+00 1.640287376535e+00 2.298455792113e+00 2.905177668977e+00 3.438834610446e+00 3.864278476178e+00 4.159267786462e+00 4.310074144247e+00 4.310073957907e+00 4.159267922170e+00 3.864278457601e+00 3.438834630851e+00 2.905177769540e+00 2.298455874693e+00 1.640287408621e+00 1.077584702036e+00
 1.285552737229e+00 2.023351332744e+00 2.909518741542e+00 3.705177695672e+00 4.384186978204e+00 4.917037707455e+00 5.283262455608e+00 5.469632585063e+00 5.469632592940e+00 5.283262553453e+00 4.917037738393e+00 4.384187001936e+00 3.705177902816e+00 2.909518831943e+00 2.023351257955e+00 1.285552708478e+00
 1.407363396153e+00 2.242362653974e+00 3.252036308456e+00 4.149149590310e+00 4.906251160869e+00 5.496350521491e+00 5.900175874135e+00 6.105180497602e+00 6.105180624962e+00 5.900175691217e+00 5.496350664656e+00 4.906251041718e+00 4.149149660890e+00 3.252036234291e+00 2.242362474657e+00 1.407363349678e+00
 1.437316084705e+00 2.297186883938e+00 3.332556756536e+00 4.246600739859e+00 5.014958372362e+00 5.612083669604e+00 6.019844646047e+00 6.226574891592e+00 6.226574945467e+00 6.019844508993e+00 5.612083819512e+00 5.014958178858e+00 4.246600685548e+00 3.332556757679e+00 2.297186838628e+00 1.437316065368e+00
 1.383093053522e+00 2.206973855082e+00 3.188059856332e+00 4.049237869524e+00 4.772616902281e+00 5.334167331521e+00 5.717229240593e+00 5.911293752329e+00 5.911293704724e+00 5.717229334880e+00 5.334167246397e+00 4.772616840324e+00 4.049237637141e+00 3.188059775005e+00 2.206973856748e+00 1.383093016987e+00
 1.261796249656e+00 2.004766985948e+00 2.875321748764e+00 3.634681846259e+00 4.273072879391e+00 4.768534595942e+00 5.106329895761e+00 5.277382167054e+00 5.277382096913e+00 5.106330005555e+00 4.768534412043e+00 4.273072912773e+00 3.634681665767e+00 2.875321493140e+00 2.004766860917e+00 1.261796223527e+00
 1.095541231591e+00 1.730206120103e+00 2.458771856042e+00 3.089464086307e+00 3.620588616317e+00 4.032873432530e+00 4.313866084516e+00 4.456102528413e+00 4.456102535576e+00 4.313866198589e+00 4.032873517236e+00 3.620588415466e+00 3.089464091901e+00 2.458771662040e+00 1.730205897401e+00 1.095541190874e+00
 9.072281406330e-01 1.422566684530e+00 1.999684924063e+00 2.494511968597e+00 2.912142574380e+00 3.236440365250e+00 3.457398413287e+00 3.569203202099e+00 3.569203186217e+00 3.457398392956e+00 3.236440568008e+00 2.912142336014e+00 2.494511916648e+00 1.999684879488e+00 1.422566453607e+00 9.072280642230e-01
 7.171481168887e-01 1.115429162636e+00 1.548459780162e+00 1.915166677774e+00 2.225462011868e+00 2.466507969317e+00 2.630681640157e+00 2.713715600527e+00 2.713715467599e+00 2.630681530732e+00 2.466508082103e+00 2.225462069994e+00 1.915166634932e+00 1.548459889165e+00 1.115429093130e+00 7.171480800437e-01
 5.408167024559e-01 8.335485070728e-01 1.140598535180e+00 1.396331179572e+00 1.613374356408e+00 1.782055632239e+00 1.896887569398e+00 1.954932844264e+00 1.954932858329e+00 1.896887624910e+00 1.782055629387e+00 1.613374450478e+00 1.396331269124e+00 1.140598595852e+00 8.335485858684e-01 5.408167316625e-01
 3.881037242613e-01 5.918872538707e-01 7.960496273148e-01 9.621099445142e-01 1.103606534477e+00 1.213655756687e+00 1.288534287914e+00 1.326357260696e+00 1.326357454908e+00 1.288534288655e+00 1.213655735729e+00 1.103606566529e+00 9.621100894145e-01 7.960495824516e-01 5.918874157087e-01 3.881037448089e-01
 2.634637984158e-01 3.963406833768e-01 5.209580984237e-01 6.185286556285e-01 7.022489691521e-01 7.674821675191e-01 8.118505859980e-01 8.342421135520e-01 8.342421957662e-01 8.118504984235e-01 7.674822996137e-01 7.022488843181e-01 6.185287781408e-01 5.209580259373e-01 3.963408304539e-01 2.634638217369e-01
 1.669346459687e-01 2.454745078568e-01 3.106503959617e-01 3.576979708141e-01 3.988241286572e-01 4.310285523409e-01 4.529144916722e-01 4.639362298013e-01 4.639361685101e-01 4.529144081671e-01 4.310287812304e-01 3.988239952858e-01 3.576980705159e-01 3.106503764042e-01 2.454744833751e-01 1.669346713563e-01
 9.558138881387e-02 1.327367420008e-01 1.534964348090e-01 1.629465123366e-01 1.719075924072e-01 1.788006286748e-01 1.832573010819e-01 1.853990665575e-01 1.853991268283e-01 1.832573553759e-01 1.788008227933e-01 1.719076511181e-01 1.629465565274e-01 1.534963739723e-01 1.327366181653e-01 9.558135123406e-02
 4.552632647877e-02 5.872077380439e-02 6.197896836438e-02 5.757057276628e-02 5.241350988878e-02 4.674894312088e-02 4.152408280662e-02 3.824477052715e-02 3.824482703018e-02 4.152427249046e-02 4.674906762244e-02 5.241363434399e-02 5.757061351787e-02 6.197888944222e-02 5.872071999276e-02 4.552629654571e-02
 2.019572466199e-02 2.495173179743e-02 2.621950347892e-02 2.476041192559e-02 2.209836448362e-02 1.889579749570e-02 1.579836812742e-02 1.375614120893e-02 1.375614986694e-02 1.579839996766e-02 1.889585247478e-02 2.209838053544e-02 2.476041770913e-02 2.621945890863e-02 2.495168011935e-02 2.019570427901e-02
 9.124318533019e-03 1.112861399058e-02 1.240000562369e-02 1.280663906903e-02 1.270897419482e-02 1.238770664572e-02 1.204181804894e-02 1.182354916430e-02 1.182355478982e-02 1.204185424068e-02 1.238770545997e-02 1.270897997650e-02 1.280659947791e-02 1.239999799961e-02 1.112855776608e-02 9.124287015772e-03
 6.092211440819e-03 7.178498996315e-03 8.273842250665e-03 9.188839310983e-03 9.885027047927e-03 1.037731058411e-02 1.068802628479e-02 1.083721128235e-02 1.083720749910e-02 1.068803935511e-02 1.037734159295e-02 9.885014867002e-03 9.188823904429e-03 8.273789773954e-03 7.178463468420e-03 6.092201666074e-03
 5.836454805856e-03 6.588866015257e-03 7.387235683129e-03 8.130874511521e-03 8.749051423704e-03 9.210980487582e-03 9.511953608388e-03 9.658970879978e-03 9.658968496627e-03 9.511999524114e-03 9.210978550414e-03 8.749069912845e-03 8.130860767666e-03 7.387197486926e-03 6.588863418632e-03 5.836454997097e-03
 5.646285920706e-03 6.215970955466e-03 6.784630276228e-03 7.302405010934e-03 7.728535933056e-03 8.043437101510e-03 8.245714209958e-03 8.343231872562e-03 8.343267353752e-03 8.245710975677e-03 8.043451136331e-03 7.728568888764e-03 7.302403370878e-03 6.784632406805e-03 6.215939821228e-03 5.646279994107e-03
 5.199442578270e-03 5.625599728349e-03 6.027543305312e-03 6.377862011265e-03 6.656335260254e-03 6.855557350462e-03 6.979589808768e-03 7.037985497183e-03 7.037977874145e-03 6.979609929723e-03 6.855582093781e-03 6.656338637585e-03 6.377885689145e-03 6.027563924686e-03 5.625619896493e-03 5.199401899770e-03
 4.617039602328e-03 4.923687718858e-03 5.200360569483e-03 5.431297781566e-03 5.607354690170e-03 5.727873183251e-03 5.799610854613e-03 5.832178973433e-03 5.832138778078e-03 5.799624036370e-03 5.727872350644e-03 5.607382068010e-03 5.431313885956e-03 5.200354881802e-03 4.923669695045e-03 4.617096682246e-03
 4.008532517478e-03 4.217342740829e-03 4.398019892164e-03 4.542012640881e-03 4.645922009896e-03 4.712494752390e-03 4.749226183287e-03 4.764633260055e-03 4.764685563725e-03 4.749190965564e-03 4.712494068000e-03 4.645932583143e-03 4.542008903802e-03 4.398028153854e-03 4.217350035587e-03 4.008513845717e-03
 3.435177494853e-03 3.565509562635e-03 3.671747796225e-03 3.750159990574e-03 3.800833946458e-03 3.828297735175e-03 3.839819692470e-03 3.843153682633e-03 3.843146716876e-03 3.839822325074e-03 3.828276227846e-03 3.800844277269e-03 3.750142970421e-03 3.671732118944e-03 3.565496626741e-03 3.435216552887e-03
 2.925585473166e-03 2.992830902643e-03 3.039955349840e-03 3.066458089120e-03 3.074961697723e-03 3.071080498287e-03 3.062225562881e-03 3.055645687395e-03 3.055592791500e-03 3.062225633141e-03 3.071042485000e-03 3.074954801513e-03 3.066428011945e-03 3.039960902484e-03 2.992784468947e-03 2.925569892948e-03
 2.489212854314e-03 2.504775341114e-03 2.502656023355e-03 2.484753402927e-03 2.455904136474e-03 2.423023862335e-03 2.394636790189e-03 2.378022450760e-03 2.378110703773e-03 2.394551056896e-03 2.423061564753e-03 2.455838478264e-03 2.484769489879e-03 2.502574326524e-03 2.504815802345e-03 2.489189319713e-03
 2.127398477931e-03 2.098964319437e-03 2.052852435845e-03 1.993018399414e-03 1.926212346414e-03 1.861721852199e-03 1.810127395210e-03 1.781416394626e-03 1.781366897490e-03 1.810174378669e-03 1.861692890252e-03 1.926208219582e-03 1.993033820754e-03 2.052829251512e-03 2.098909088815e-03 2.127432494300e-03
 1.841264282167e-03 1.774549459472e-03 1.687379232715e-03 1.584745917100e-03 1.474821350241e-03 1.370031688403e-03 1.285827250151e-03 1.238441061426e-03 1.238381396674e-03 1.285904362100e-03 1.370000532252e-03 1.474863133791e-03 1.584672127356e-03 1.687433831452e-03 1.774517414889e-03 1.841264959984e-03
 1.637448558277e-03 1.539856770274e-03 1.416818074262e-03 1.272010651652e-03 1.113182094869e-03 9.537188002999e-04 8.159670752550e-04 7.321272874338e-04 7.321991274212e-04 8.159216576149e-04 9.537398538645e-04 1.113186564315e-03 1.272027608833e-03 1.416758473993e-03 1.539901270227e-03 1.637424842972e-03
 1.528647060076e-03 1.414143326653e-03 1.269675868473e-03 1.097077168679e-03 9.000907940918e-04 6.858296737469e-04 4.692428091885e-04 2.958363940049e-04 2.957938416125e-04 4.692536681631e-04 6.858233772992e-04 9.000623150885e-04 1.097086040586e-03 1.269713529516e-03 1.414093999621e-03 1.528681657763e-03
 1.527027859611e-03 1.415934244822e-03 1.276598964864e-03 1.111043898340e-03 9.241286765718e-04 7.250980303757e-04 5.331195076570e-04 3.951128635217e-04 3.950916431360e-04 5.331013775857e-04 7.250941478710e-04 9.241787658963e-04 1.111038872285e-03 1.276584047322e-03 1.415993202406e-03 1.527020149858e-03
 1.633598616147e-03 1.545796254030e-03 1.435943087098e-03 1.308601191701e-03 1.171570649413e-03 1.037997638126e-03 9.268824897427e-04 8.621038217805e-04 8.620450930309e-04 9.269437859344e-04 1.037994882818e-03 1.171583919215e-03 1.308592938645e-03 1.435986386012e-03 1.545770837218e-03 1.633627454471e-03
 1.837561890450e-03 1.784850036305e-03 1.715883628360e-03 1.634980433800e-03 1.549633939599e-03 1.469492359102e-03 1.406517338768e-03 1.371414953458e-03 1.371498915572e-03 1.406427245153e-03 1.469575028678e-03 1.549582878501e-03 1.635023624886e-03 1.715815170224e-03 1.784914898865e-03 1.837540585985e-03
 2.125644735687e-03 2.113384869571e-03 2.087136080413e-03 2.050023597603e-03 2.006974027774e-03 1.964780968780e-03 1.930920507493e-03 1.912051505029e-03 1.912008569723e-03 1.930953893449e-03 1.964761963324e-03 2.006979972598e-03 2.049986671612e-03 2.087174925331e-03 2.113299106344e-03 2.125616423042e-03
 2.489522134020e-03 2.521469423948e-03 2.538695572406e-03 2.542190994211e-03 2.534909399925e-03 2.521851182006e-03 2.508465722169e-03 2.500295126040e-03 2.500260987970e-03 2.508527468796e-03 2.521790323788e-03 2.534996681776e-03 2.542132121216e-03 2.538649200545e-03 2.521444656235e-03 2.489545020882e-03
 2.926357677069e-03 3.008231207065e-03 3.072432340352e-03 3.117488795129e-03 3.144552614422e-03 3.157269372482e-03 3.161215227966e-03 3.161459151392e-03 3.161491334438e-03 3.161183014284e-03 3.157328257561e-03 3.144512515459e-03 3.117507132931e-03 3.072400600830e-03 3.008198216027e-03 2.926291883029e-03
 3.432900608007e-03 3.574586053005e-03 3.694196911131e-03 3.787090588924e-03 3.852425378222e-03 3.893003111236e-03 3.914648535030e-03 3.923448919557e-03 3.923471601669e-03 3.914621547743e-03 3.893036185786e-03 3.852410551957e-03 3.787105863377e-03 3.694159583192e-03 3.574580205167e-03 3.432913428998e-03
 3.998400703462e-03 4.213983382937e-03 4.403033617433e-03 4.556586270715e-03 4.670498971371e-03 4.746436001592e-03 4.790411262405e-03 4.809902603844e-03 4.809901415566e-03 4.790418405660e-03 4.746430601537e-03 4.670524082608e-03 4.556586747665e-03 4.403048881448e-03 4.213961572569e-03 3.998398821417e-03
 4.593084583884e-03 4.900644238766e-03 5.179696023121e-03 5.414694283793e-03 5.595872075136e-03 5.721845883689e-03 5.798239724174e-03 5.833435624198e-03 5.833416993373e-03 5.798234815981e-03 5.721861285521e-03 5.595900165279e-03 5.414681602145e-03 5.179705657879e-03 4.900628345049e-03 4.593108491818e-03
 5.153801297880e-03 5.573614403809e-03 5.971261708571e-03 6.319852718597e-03 6.599076892154e-03 6.800659410081e-03 6.927413754357e-03 6.987583478958e-03 6.987567090652e-03 6.927433424517e-03 6.800654210531e-03 6.599102058856e-03 6.319866702968e-03 5.971258965315e-03 5.573618536623e-03 5.153786958784e-03
 5.566388591610e-03 6.120292638230e-03 6.677279928778e-03 7.188550142036e-03 7.613240354743e-03 7.929999686997e-03 8.135422349796e-03 8.235170826563e-03 8.235177689224e-03 8.135405141098e-03 7.930032124334e-03 7.613221701584e-03 7.188601315337e-03 6.677261942027e-03 6.120267753923e-03 5.566385913207e-03
 5.695340945166e-03 6.418289778714e-03 7.197664948320e-03 7.934645013920e-03 8.555909820388e-03 9.026663851980e-03 9.337271948253e-03 9.490471574497e-03 9.490478461601e-03 9.337278958973e-03 9.026660004807e-03 8.555946640149e-03 7.934621098026e-03 7.197694300500e-03 6.418296487483e-03 5.695354128452e-03
 5.832156099757e-03 6.869503397569e-03 7.940621381431e-03 8.859230064452e-03 9.579239631804e-03 1.010499758617e-02 1.044709692033e-02 1.061508085634e-02 1.061507576452e-02 1.044711013449e-02 1.010500419427e-02 9.579261767216e-03 8.859239408914e-03 7.940644509615e-03 6.869544367627e-03 5.832154732471e-03
 8.737074909448e-03 1.067115121777e-02 1.189257981898e-02 1.230355000453e-02 1.225859529792e-02 1.201990572937e-02 1.175797789942e-02 1.159283896772e-02 1.159281608352e-02 1.175799609315e-02 1.201992980455e-02 1.225858595539e-02 1.230357720340e-02 1.189262088617e-02 1.067116120657e-02 8.737077950283e-03
 1.971781000766e-02 2.437496098043e-02 2.553005938588e-02 2.407706690858e-02 2.151485145348e-02 1.848161621047e-02 1.558510841335e-02 1.369814441116e-02 1.369813761514e-02 1.558515002837e-02 1.848160320443e-02 2.151489539930e-02 2.407711351539e-02 2.553005425035e-02 2.437495154296e-02 1.971779795607e-02
 4.484163960495e-02 5.791989088070e-02 6.114058138952e-02 5.688714528180e-02 5.213838480631e-02 4.700964638936e-02 4.233230417633e-02 3.942806828169e-02 3.942805382668e-02 4.233236315254e-02 4.700967669716e-02 5.213836888425e-02 5.688710716126e-02 6.114058045499e-02 5.791983850567e-02 4.484162583626e-02
 9.457386654941e-02 1.316862643834e-01 1.530337944993e-01 1.636041870951e-01 1.737761069474e-01 1.817343274128e-01 1.869756121741e-01 1.895332053768e-01 1.895331802878e-01 1.869756482700e-01 1.817343272418e-01 1.737760888751e-01 1.636042082682e-01 1.530337970373e-01 1.316861849023e-01 9.457386920053e-02
 1.652012717952e-01 2.438758585996e-01 3.108561995566e-01 3.603844036246e-01 4.036913322895e-01 4.376393534355e-01 4.607413630934e-01 4.723884182862e-01 4.723882891783e-01 4.607413589262e-01 4.376394180713e-01 4.036913901198e-01 3.603843582718e-01 3.108562414813e-01 2.438758081922e-01 1.652012830903e-01
 2.607697560646e-01 3.939717430353e-01 5.217002436758e-01 6.231799394540e-01 7.101449121829e-01 7.779021520083e-01 8.240057052251e-01 8.472834205628e-01 8.472833256398e-01 8.240056861822e-01 7.779020667704e-01 7.101448293958e-01 6.231800027479e-01 5.217003227541e-01 3.939716450664e-01 2.607697407702e-01
 3.842337555351e-01 5.885741956046e-01 7.973318120817e-01 9.689041319808e-01 1.114849796789e+00 1.228311725218e+00 1.305519169165e+00 1.344526129589e+00 1.344526179806e+00 1.305519013611e+00 1.228311586321e+00 1.114849768407e+00 9.689042801144e-01 7.973317937325e-01 5.885741930222e-01 3.842337900168e-01
 5.355844470058e-01 8.291598490316e-01 1.142480144669e+00 1.405501954061e+00 1.628329141273e+00 1.801408875832e+00 1.919228733364e+00 1.978788747221e+00 1.978788671609e+00 1.919228571460e+00 1.801408905247e+00 1.628329202096e+00 1.405501868838e+00 1.142480189997e+00 8.291599386038e-01 5.355844449319e-01
 7.104286377078e-01 1.109891086060e+00 1.550997412614e+00 1.926870352362e+00 2.244355980875e+00 2.490839613631e+00 2.658695322821e+00 2.743593419076e+00 2.743593336586e+00 2.658695350805e+00 2.490839582727e+00 2.244356049154e+00 1.926870300321e+00 1.550997543902e+00 1.109891154450e+00 7.104286371607e-01
 8.989991046430e-01 1.415883949525e+00 2.002877985803e+00 2.508703594441e+00 2.934893085042e+00 3.265640832035e+00 3.490957594836e+00 3.604967333649e+00 3.604967342963e+00 3.490957665822e+00 3.265640755209e+00 2.934893212978e+00 2.508703729657e+00 2.002877880765e+00 1.415883797675e+00 8.989990790801e-01
 1.085920639556e+00 1.722479085575e+00 2.462515431814e+00 3.105793837735e+00 3.646658810290e+00 4.066268384072e+00 4.352206349965e+00 4.496942492274e+00 4.496942361853e+00 4.352206413289e+00 4.066268470770e+00 3.646658951077e+00 3.105793875749e+00 2.462515281503e+00 1.722478969460e+00 1.085920597695e+00
 1.251067125605e+00 1.996200311253e+00 2.879377469297e+00 3.652437003888e+00 4.301395487463e+00 4.804795166900e+00 5.147947997192e+00 5.321707803739e+00 5.321707653692e+00 5.147947975252e+00 4.804795177428e+00 4.301395550255e+00 3.652436989386e+00 2.879377630946e+00 1.996200435695e+00 1.251067144511e+00
 1.371704941507e+00 2.197872505031e+00 3.192057489316e+00 4.067359788036e+00 4.801620789680e+00 5.371345838992e+00 5.759924753437e+00 5.956777640289e+00 5.956777703538e+00 5.759924632451e+00 5.371345673602e+00 4.801620929151e+00 4.067359803456e+00 3.192057586436e+00 2.197872620397e+00 1.371704983522e+00
 1.425856276399e+00 2.287936934943e+00 3.336031793998e+00 4.263787652321e+00 5.042719997962e+00 5.647795927343e+00 6.060924512513e+00 6.270368039254e+00 6.270367933782e+00 6.060924411463e+00 5.647795793975e+00 5.042720044315e+00 4.263787579704e+00 3.336031846071e+00 2.287936970667e+00 1.425856263047e+00
 1.396494149628e+00 2.233396826450e+00 3.254506553284e+00 4.164039641028e+00 4.930757698733e+00 5.528096933913e+00 5.936811140229e+00 6.144287289184e+00 6.144287137670e+00 5.936811103777e+00 5.528096803265e+00 4.930757613353e+00 4.164039688249e+00 3.254506648206e+00 2.233396833936e+00 1.396494132038e+00
 1.275918626968e+00 2.015096975672e+00 2.910584531111e+00 3.716592843179e+00 4.403679958018e+00 4.942619263223e+00 5.312952756278e+00 5.501397110509e+00 5.501397162644e+00 5.312952629338e+00 4.942619236114e+00 4.403679889704e+00 3.716592731599e+00 2.910584512041e+00 2.015097044104e+00 1.275918654061e+00
 1.069703288912e+00 1.633094585409e+00 2.297912097215e+00 2.912388759033e+00 3.452191723244e+00 3.882257779769e+00 4.180350239094e+00 4.332716565434e+00 4.332716561540e+00 4.180350127774e+00 3.882257738063e+00 3.452191573070e+00 2.912388728461e+00 2.297912060925e+00 1.633094607845e+00 1.069703326785e+00
 8.008138244517e-01 1.105813740237e+00 1.446822965683e+00 1.797355534260e+00 2.136482286278e+00 2.417601151780e+00 2.616144452230e+00 2.718524041387e+00 2.718523949425e+00 2.616144476277e+00 2.417601072456e+00 2.136482120553e+00 1.797355690705e+00 1.446822932284e+00 1.105813703873e+00 8.008138378329e-01
 5.297891003218e-01 6.394880406343e-01 7.022224232480e-01 8.142907157028e-01 9.688247222166e-01 1.110905274874e+00 1.215451804473e+00 1.270304673960e+00 1.270304610916e+00 1.215451780895e+00 1.110905290969e+00 9.688246773918e-01 8.142907523797e-01 7.022224060229e-01 6.394880299566e-01 5.297890918231e-01
 3.511439814219e-01 3.875137103702e-01 3.690911764308e-01 4.039064744650e-01 4.693837201792e-01 5.375525766718e-01 5.905048128636e-01 6.189464249288e-01 6.189464115202e-01 5.905048155521e-01 5.375525912452e-01 4.693837332282e-01 4.039065049116e-01 3.690912412423e-01 3.875137311357e-01 3.511440159661e-01

