6.882757707661e-02 6.743465129607e-02 7.340325567571e-02 1.017438061001e-01 1.337414732140e-01 1.608635900985e-01 1.799140225128e-01 1.896508395031e-01 1.896508306072e-01 1.799141576775e-01 1.608637184212e-01 1.337415732660e-01 1.017438248910e-01 7.340322904801e-02 6.743464380617e-02 6.882751324164e-02
 1.187222297371e-01 1.187239800548e-01 1.498251978065e-01 2.110435624342e-01 2.721930138783e-01 3.218364464692e-01 3.560596696923e-01 3.733964143499e-01 3.733964656743e-01 3.560600033329e-01 3.218367248719e-01 2.721931302442e-01 2.110435965945e-01 1.498250419870e-01 1.187239932645e-01 1.187222501983e-01
 2.133377425825e-01 2.695386163659e-01 3.673428822132e-01 4.808357681079e-01 5.839948435524e-01 6.657588906646e-01 7.215020364978e-01 7.495721064325e-01 7.495723942928e-01 7.215022391231e-01 6.657592683686e-01 5.839949899217e-01 4.808358559640e-01 3.673424835758e-01 2.695387160002e-01 2.133377974652e-01
 3.098936582474e-01 4.645309191950e-01 6.260606001656e-01 7.896507557318e-01 9.320098550340e-01 1.042716584949e+00 1.117400663690e+00 1.154789426549e+00 1.154789339807e+00 1.117400526793e+00 1.042716675730e+00 9.320101197903e-01 7.896506824305e-01 6.260606611726e-01 4.645309730854e-01 3.098935991485e-01
 3.863159902049e-01 6.041634217874e-01 8.146091781708e-01 1.013841038111e+00 1.182734267021e+00 1.312156591575e+00 1.398619061054e+00 1.441645499994e+00 1.441644903152e+00 1.398618889942e+00 1.312156000935e+00 1.182734468007e+00 1.013841044794e+00 8.146096189905e-01 6.041636295457e-01 3.863160691725e-01
 4.341059400198e-01 6.866849663632e-01 9.235128606790e-01 1.140474553298e+00 1.321333280772e+00 1.458329881241e+00 1.549053903252e+00 1.593938198007e+00 1.593938068680e+00 1.549053570465e+00 1.458329310891e+00 1.321332901851e+00 1.140475109508e+00 9.235130287607e-01 6.866853788448e-01 4.341061106766e-01
 4.511685082530e-01 7.140812367058e-01 9.558015840499e-01 1.173199790084e+00 1.352229357682e+00 1.486469331397e+00 1.574601341072e+00 1.617934994931e+00 1.617935276237e+00 1.574600626169e+00 1.486469441117e+00 1.352228937000e+00 1.173200014916e+00 9.558019018685e-01 7.140814909175e-01 4.511685718593e-01
 4.401068350393e-01 6.938115140458e-01 9.232136264082e-01 1.126999121336e+00 1.293084340760e+00 1.416357864041e+00 1.496523721289e+00 1.535661195014e+00 1.535661417203e+00 1.496523441371e+00 1.416358057210e+00 1.293084117730e+00 1.126998958352e+00 9.232137759084e-01 6.938116846411e-01 4.401069159023e-01
 4.066379204214e-01 6.372061054986e-01 8.424541631794e-01 1.022973821682e+00 1.168586342029e+00 1.275444578634e+00 1.344149561115e+00 1.377396432164e+00 1.377396566267e+00 1.344149753408e+00 1.275444514810e+00 1.168586175020e+00 1.022973617119e+00 8.424541327835e-01 6.372062364629e-01 4.066380285808e-01
 3.579779813574e-01 5.570809675757e-01 7.316088156729e-01 8.836605457174e-01 1.004912087976e+00 1.092685286171e+00 1.148310194796e+00 1.174915120155e+00 1.174915358624e+00 1.148310142535e+00 1.092684794533e+00 1.004912297814e+00 8.836600133483e-01 7.316092036931e-01 5.570810556131e-01 3.579780758569e-01
 3.014163736991e-01 4.656209561687e-01 6.073131737940e-01 7.295014607694e-01 8.256166407794e-01 8.939952575103e-01 9.365030000345e-01 9.565062812715e-01 9.565063974456e-01 9.365026287793e-01 8.939948092661e-01 8.256167745659e-01 7.295011380029e-01 6.073136752978e-01 4.656211744101e-01 3.014165479196e-01
 2.432745504674e-01 3.729371519249e-01 4.829736730138e-01 5.767290208881e-01 6.492236764112e-01 6.996181876451e-01 7.301087434519e-01 7.441144274254e-01 7.441144016037e-01 7.301081810512e-01 6.996182247087e-01 6.492234075494e-01 5.767292893935e-01 4.829739293901e-01 3.729376531232e-01 2.432747354947e-01
 1.883238354306e-01 2.863622573345e-01 3.680179972598e-01 4.365498603107e-01 4.883496423691e-01 5.232023380721e-01 5.434369902972e-01 5.523709516478e-01 5.523710090672e-01 5.434364947009e-01 5.232022916296e-01 4.883495559155e-01 4.365503515739e-01 3.680182199115e-01 2.863624539237e-01 1.883239813539e-01
 1.396203551436e-01 2.103579443438e-01 2.679343071867e-01 3.152844979921e-01 3.499304668692e-01 3.720888744609e-01 3.840609626224e-01 3.889492915310e-01 3.889491654189e-01 3.840606052014e-01 3.720887164266e-01 3.499305197124e-01 3.152847335160e-01 2.679346186670e-01 2.103581572854e-01 1.396204038807e-01
 9.864283987347e-02 1.468202525071e-01 1.847774562445e-01 2.150525353384e-01 2.360521005449e-01 2.482534563434e-01 2.538247427527e-01 2.556028233343e-01 2.556027925521e-01 2.538243597359e-01 2.482533453240e-01 2.360520820393e-01 2.150528194033e-01 1.847775660332e-01 1.468203145112e-01 9.864289426665e-02
 6.561075847093e-02 9.554044918282e-02 1.178623291376e-01 1.346614420821e-01 1.449863874403e-01 1.494330520375e-01 1.500006808295e-01 1.493242133634e-01 1.493243990229e-01 1.500003803918e-01 1.494330264108e-01 1.449863688948e-01 1.346615972767e-01 1.178625968902e-01 9.554032954455e-02 6.561078155236e-02
 3.991691202456e-02 5.459966674912e-02 6.460536226640e-02 7.069256116130e-02 7.245879912116e-02 7.040874186719e-02 6.637638300294e-02 6.317260402615e-02 6.317275882057e-02 6.637629955540e-02 7.040862078234e-02 7.245875592349e-02 7.069249208640e-02 6.460551787261e-02 5.459972426993e-02 3.991684111618e-02
 2.101752726676e-02 2.653258684796e-02 3.012452305953e-02 3.097644622716e-02 2.943097819807e-02 2.548611876456e-02 2.003214832904e-02 1.540825238602e-02 1.540827351654e-02 2.003222590906e-02 2.548605834704e-02 2.943093587147e-02 3.097641533755e-02 3.012447422825e-02 2.653257528841e-02 2.101753677646e-02
 1.101098122556e-02 1.327554185535e-02 1.456057148366e-02 1.478986269787e-02 1.380529245799e-02 1.162362710554e-02 8.610480741134e-03 5.875097964031e-03 5.875132486381e-03 8.610527766262e-03 1.162361387260e-02 1.380529515786e-02 1.478986484097e-02 1.456054601597e-02 1.327555379697e-02 1.101100683490e-02
 6.196520012732e-03 7.159846875043e-03 7.766113997914e-03 7.909672086743e-03 7.519459440012e-03 6.639689736690e-03 5.501355255057e-03 4.610198552715e-03 4.610288548064e-03 5.501275666268e-03 6.639731051260e-03 7.519447075391e-03 7.909686187714e-03 7.766112943830e-03 7.159856654548e-03 6.196503464963e-03
 4.140155929703e-03 4.534489966177e-03 4.805984002395e-03 4.905402622388e-03 4.809942867247e-03 4.552597714819e-03 4.234858291237e-03 4.011151391634e-03 4.011072846593e-03 4.234891454992e-03 4.552533818959e-03 4.809980118731e-03 4.905395846162e-03 4.806013282611e-03 4.534478999913e-03 4.140117684649e-03
 3.371818391195e-03 3.556202178577e-03 3.694570335008e-03 3.772381640186e-03 3.785777370628e-03 3.748200365054e-03 3.689920758624e-03 3.647896956554e-03 3.647897410180e-03 3.689929949415e-03 3.748162036663e-03 3.785765761299e-03 3.772404070632e-03 3.694553882868e-03 3.556204255888e-03 3.371835965182e-03
 3.033134750310e-03 3.146507939027e-03 3.235086660259e-03 3.295559218852e-03 3.328529633186e-03 3.339641113778e-03 3.338409553705e-03 3.334545800186e-03 3.334608797865e-03 3.338326924924e-03 3.339688856805e-03 3.328534560335e-03 3.295520711924e-03 3.235133225782e-03 3.146481477956e-03 3.033084687998e-03
 2.776460425078e-03 2.856004623574e-03 2.917191007997e-03 2.959421512937e-03 2.984516025599e-03 2.996516128081e-03 3.000350334691e-03 3.000937832809e-03 3.000854682371e-03 3.000408698327e-03 2.996479481547e-03 2.984535135160e-03 2.959475194606e-03 2.917157548709e-03 2.856015207808e-03 2.776440110432e-03
 2.504689096093e-03 2.558488898831e-03 2.596713722237e-03 2.619938553659e-03 2.630636720752e-03 2.632661268175e-03 2.630633701370e-03 2.628387609458e-03 2.628462024299e-03 2.630602305065e-03 2.632682291979e-03 2.630628981446e-03 2.619969747405e-03 2.596707702549e-03 2.558506344842e-03 2.504705690308e-03
 2.202147990743e-03 2.232559995623e-03 2.249163596939e-03 2.253557000920e-03 2.248640808806e-03 2.238726328073e-03 2.228632794225e-03 2.222369158924e-03 2.222360056988e-03 2.228598004256e-03 2.238754798872e-03 2.248658451900e-03 2.253507717752e-03 2.249264973399e-03 2.232501036902e-03 2.202140945763e-03
 1.876559797494e-03 1.885614554277e-03 1.882482494981e-03 1.869191333633e-03 1.849284544417e-03 1.827651828648e-03 1.809317855529e-03 1.798903864515e-03 1.798849855040e-03 1.809379782969e-03 1.827558815949e-03 1.849341695677e-03 1.869168287497e-03 1.882437709083e-03 1.885656677426e-03 1.876583333225e-03
 1.542045458220e-03 1.532937435061e-03 1.512889231018e-03 1.484281370624e-03 1.451271971460e-03 1.418902529307e-03 1.393092826828e-03 1.378695246865e-03 1.378701068751e-03 1.393053792080e-03 1.418953691508e-03 1.451156173920e-03 1.484312309988e-03 1.512835123819e-03 1.532941871988e-03 1.542071919636e-03
 1.213491481268e-03 1.190746429691e-03 1.157972551946e-03 1.117816379940e-03 1.074474410675e-03 1.033598607563e-03 1.001319025777e-03 9.834560815488e-04 9.834482961351e-04 1.001302436041e-03 1.033565983444e-03 1.074477939268e-03 1.117778980756e-03 1.157953299716e-03 1.190715858121e-03 1.213493526406e-03
 9.038862806321e-04 8.732483084900e-04 8.335280672014e-04 7.870971743927e-04 7.377956327005e-04 6.912662046489e-04 6.543554662821e-04 6.336828588549e-04 6.336984771764e-04 6.543641606398e-04 6.912397362212e-04 7.378431892803e-04 7.870228225965e-04 8.335191072346e-04 8.732649497549e-04 9.039242750342e-04
 6.226164847097e-04 5.910483245211e-04 5.514995122628e-04 5.056416471405e-04 4.565979684796e-04 4.090376126247e-04 3.699385610677e-04 3.473590472455e-04 3.473179994953e-04 3.699424263658e-04 4.090797943351e-04 4.565496096302e-04 5.056741444382e-04 5.515017445934e-04 5.910372133339e-04 6.226291825242e-04
 3.756258159849e-04 3.503159199070e-04 3.188624816786e-04 2.820172782600e-04 2.413367611351e-04 1.997569471643e-04 1.624396170287e-04 1.386839552575e-04 1.387104326437e-04 1.624794660951e-04 1.997461181932e-04 2.413654308565e-04 2.820364893730e-04 3.188441679811e-04 3.503202650525e-04 3.756332933132e-04
 1.800409132609e-04 1.659021345722e-04 1.481573325833e-04 1.270007017304e-04 1.028123613811e-04 7.607731269069e-05 4.769083118599e-05 2.039425914538e-05 2.038671396112e-05 4.770880818549e-05 7.605708734564e-05 1.028290648940e-04 1.270489222333e-04 1.481549681354e-04 1.658711177812e-04 1.800432189103e-04
 1.759189707381e-04 1.631610212186e-04 1.470423064805e-04 1.275191054910e-04 1.050490528963e-04 8.078450099309e-05 5.636791746781e-05 3.737399844003e-05 3.740548767832e-05 5.635282671483e-05 8.073907609207e-05 1.051008796944e-04 1.274855868302e-04 1.470194621489e-04 1.632579413595e-04 1.759017938498e-04
 3.610127542549e-04 3.352669192460e-04 3.028090090256e-04 2.640273788466e-04 2.201614529408e-04 1.735022353239e-04 1.285589984189e-04 9.661302231720e-05 9.660111029015e-05 1.285784774872e-04 1.734836506643e-04 2.201444138068e-04 2.640657607979e-04 3.027939187128e-04 3.352917350036e-04 3.610200922449e-04
 5.917444435161e-04 5.553512302512e-04 5.094524807502e-04 4.556198960684e-04 3.964517736525e-04 3.366921793261e-04 2.846017753379e-04 2.525991606560e-04 2.526216823986e-04 2.846188680695e-04 3.366537573322e-04 3.964547760002e-04 4.556377341743e-04 5.095103646217e-04 5.552810251918e-04 5.917408393765e-04
 8.537407858944e-04 8.131632069829e-04 7.618366794287e-04 7.018720587984e-04 6.376288797615e-04 5.754698914301e-04 5.246927020220e-04 4.954509507490e-04 4.954353680762e-04 5.246732378912e-04 5.755276208484e-04 6.376006997261e-04 7.018684332614e-04 7.618029828477e-04 8.132202150742e-04 8.537082908183e-04
 1.144430428939e-03 1.107050302748e-03 1.057839616368e-03 1.000033413569e-03 9.384402326975e-04 8.803045038377e-04 8.340281465696e-04 8.081534152049e-04 8.081678133362e-04 8.339853998590e-04 8.803147270609e-04 9.384591844102e-04 1.000067695584e-03 1.057848038862e-03 1.106971821804e-03 1.144415483039e-03
 1.457246829115e-03 1.429241898057e-03 1.388780182257e-03 1.339097587594e-03 1.285383703408e-03 1.234595126871e-03 1.194445588988e-03 1.172303534210e-03 1.172234760995e-03 1.194537794162e-03 1.234528022311e-03 1.285433996607e-03 1.339096894432e-03 1.388794470954e-03 1.429231465421e-03 1.457213202155e-03
 1.781115391496e-03 1.767536112916e-03 1.740449171177e-03 1.702960820180e-03 1.660157643897e-03 1.618471888703e-03 1.585449528716e-03 1.566935083342e-03 1.566985822249e-03 1.585376529871e-03 1.618572133388e-03 1.660131153556e-03 1.702978134270e-03 1.740477446931e-03 1.767540903633e-03 1.781083010219e-03
 2.102638348388e-03 2.107011995339e-03 2.096230070626e-03 2.073117945338e-03 2.042544374866e-03 2.010906806490e-03 1.984673956318e-03 1.969966042715e-03 1.969961257074e-03 1.984685502463e-03 2.010891394434e-03 2.042591253965e-03 2.073192352013e-03 2.096177008817e-03 2.107056636682e-03 2.102649464789e-03
 2.409221194051e-03 2.433600489906e-03 2.440498001154e-03 2.432379769139e-03 2.413853595020e-03 2.391176712210e-03 2.371170134885e-03 2.359572033181e-03 2.359508882160e-03 2.371244907452e-03 2.391166187571e-03 2.413874450880e-03 2.432395866097e-03 2.440589361676e-03 2.433586192262e-03 2.409258387734e-03
 2.694954485612e-03 2.741535293227e-03 2.766664938887e-03 2.772257874193e-03 2.762971760926e-03 2.745921911280e-03 2.728878278465e-03 2.718320170302e-03 2.718404254274e-03 2.728821994047e-03 2.745965012891e-03 2.763029453303e-03 2.772232317473e-03 2.766757092451e-03 2.741533216112e-03 2.694954023999e-03
 2.978571725549e-03 3.055129906417e-03 3.101668682940e-03 3.117977419581e-03 3.109239628659e-03 3.084953467808e-03 3.057940641921e-03 3.040657300091e-03 3.040632238738e-03 3.057978540339e-03 3.084989501116e-03 3.109217571798e-03 3.118085782284e-03 3.101582316508e-03 3.055203049362e-03 2.978560663493e-03
 3.360926656606e-03 3.504441540804e-03 3.593092592956e-03 3.617820756371e-03 3.580373242335e-03 3.498854910598e-03 3.407674987416e-03 3.347748804438e-03 3.347744144552e-03 3.407699154259e-03 3.498876715982e-03 3.580397080217e-03 3.617857755188e-03 3.593111807221e-03 3.504400862102e-03 3.360951953273e-03
 4.185753807623e-03 4.533847690514e-03 4.747353582112e-03 4.787329999346e-03 4.637121795375e-03 4.331456801014e-03 3.973285170801e-03 3.723939073144e-03 3.723962240151e-03 3.973297443655e-03 4.331431693744e-03 4.637265544220e-03 4.787256253829e-03 4.747412435010e-03 4.533855257691e-03 4.185701539740e-03
 6.288999786288e-03 7.194555197447e-03 7.730409028524e-03 7.815693667010e-03 7.384576361107e-03 6.475645465453e-03 5.311353860696e-03 4.395760023134e-03 4.395757149513e-03 5.311311055079e-03 6.475746759298e-03 7.384533186167e-03 7.815797696524e-03 7.730385824641e-03 7.194491240687e-03 6.289012467736e-03
 1.113498494037e-02 1.331107248702e-02 1.449165896814e-02 1.466963394667e-02 1.367734741631e-02 1.151855320203e-02 8.550867026666e-03 5.869535911151e-03 5.869472529254e-03 8.550860943870e-03 1.151858990660e-02 1.367739435417e-02 1.466968368737e-02 1.449159610222e-02 1.331103736144e-02 1.113497661807e-02
 2.122295629238e-02 2.660168947057e-02 3.021031969310e-02 3.116798061743e-02 2.981629243277e-02 2.614592970199e-02 2.108012649793e-02 1.689691610420e-02 1.689683655317e-02 2.108013666880e-02 2.614591689422e-02 2.981641095158e-02 3.116790331061e-02 3.021027110205e-02 2.660162096127e-02 2.122285348333e-02
 4.038632115354e-02 5.555577884713e-02 6.648428600654e-02 7.373661780164e-02 7.670106158133e-02 7.585807666294e-02 7.293648455827e-02 7.046130433792e-02 7.046118921835e-02 7.293655323282e-02 7.585812281833e-02 7.670098643337e-02 7.373665113059e-02 6.648417868315e-02 5.555578432022e-02 4.038630658374e-02
 6.580625614570e-02 9.784419870172e-02 1.231547241365e-01 1.428794818666e-01 1.559565058798e-01 1.628609565452e-01 1.653666444731e-01 1.657908287919e-01 1.657907830827e-01 1.653668361696e-01 1.628609403006e-01 1.559566533424e-01 1.428795733011e-01 1.231544921133e-01 9.784420466508e-02 6.580627676863e-02
 9.844945891731e-02 1.504685959653e-01 1.938104315725e-01 2.289786625763e-01 2.543772545841e-01 2.703356344526e-01 2.787360067589e-01 2.820614750883e-01 2.820615012208e-01 2.787361593808e-01 2.703358159436e-01 2.543773228676e-01 2.289784594307e-01 1.938104529228e-01 1.504684596037e-01 9.844940833439e-02
 1.390225915350e-01 2.155954837718e-01 2.812921297925e-01 3.357839116904e-01 3.766886681883e-01 4.040607769239e-01 4.198662626592e-01 4.268120534378e-01 4.268121363320e-01 4.198664320535e-01 4.040610272618e-01 3.766883801087e-01 3.357837990464e-01 2.812918128738e-01 2.155953795138e-01 1.390225937805e-01
 1.873855775240e-01 2.936025607289e-01 3.865104588023e-01 4.647572688203e-01 5.249321811395e-01 5.666487308291e-01 5.918509563827e-01 6.034206152994e-01 6.034204386937e-01 5.918514453392e-01 5.666487720919e-01 5.249321298060e-01 4.647570829883e-01 3.865098370623e-01 2.936024528948e-01 1.873854901076e-01
 2.421406853902e-01 3.826937795075e-01 5.075004243193e-01 6.138523169983e-01 6.970834812489e-01 7.561730794492e-01 7.928864628366e-01 8.101659298592e-01 8.101657951928e-01 7.928869637252e-01 7.561732298729e-01 6.970835789168e-01 6.138520990495e-01 5.074999071406e-01 3.826933574629e-01 2.421405525862e-01
 3.003040994711e-01 4.783985062266e-01 6.386354293273e-01 7.764995558834e-01 8.858670950014e-01 9.648790920665e-01 1.014935784648e+00 1.038883446336e+00 1.038883725849e+00 1.014935698858e+00 9.648796805709e-01 8.858669931555e-01 7.764997146966e-01 6.386348879365e-01 4.783982085910e-01 3.003039258516e-01
 3.571502667799e-01 5.732175134915e-01 7.700355456385e-01 9.408124918358e-01 1.077795634341e+00 1.178103600838e+00 1.242569576076e+00 1.273770938504e+00 1.273770967480e+00 1.242569353862e+00 1.178103967301e+00 1.077795428631e+00 9.408129648867e-01 7.700350937996e-01 5.732172129007e-01 3.571502683500e-01
 4.063611637402e-01 6.566841893432e-01 8.874972083617e-01 1.089411530998e+00 1.252912551388e+00 1.373951290863e+00 1.452603734044e+00 1.491002633492e+00 1.491002374589e+00 1.452603489625e+00 1.373951148908e+00 1.252912596497e+00 1.089411664531e+00 8.874970093435e-01 6.566839919632e-01 4.063611203802e-01
 4.405969369059e-01 7.160804055281e-01 9.732964689981e-01 1.200327952232e+00 1.385788824730e+00 1.524360820621e+00 1.615211990369e+00 1.659867053981e+00 1.659866975804e+00 1.615211908291e+00 1.524360752531e+00 1.385788903605e+00 1.200327839867e+00 9.732962753584e-01 7.160802476179e-01 4.405968056592e-01
 4.525347586391e-01 7.379434240016e-01 1.008119431117e+00 1.249353447599e+00 1.448222112874e+00 1.598078044236e+00 1.697079028837e+00 1.746011224561e+00 1.746011017696e+00 1.697079632077e+00 1.598078238314e+00 1.448222259244e+00 1.249353399119e+00 1.008119103677e+00 7.379431036216e-01 4.525347229666e-01
 4.362998026141e-01 7.102890126840e-01 9.741387252485e-01 1.213923301547e+00 1.413784995346e+00 1.565703130195e+00 1.666780534628e+00 1.716984153021e+00 1.716984160703e+00 1.666781273617e+00 1.565703587566e+00 1.413785259399e+00 1.213923255097e+00 9.741382684126e-01 7.102888296309e-01 4.362997012984e-01
 3.890835889507e-01 6.251129563058e-01 8.588859159549e-01 1.078213144389e+00 1.263873088456e+00 1.406424214781e+00 1.501963197706e+00 1.549639301090e+00 1.549639802205e+00 1.501963342170e+00 1.406424723696e+00 1.263873012173e+00 1.078213213203e+00 8.588855792999e-01 6.251129533768e-01 3.890835504904e-01
 3.127184167699e-01 4.800274930907e-01 6.592586648914e-01 8.387610066901e-01 9.943958700104e-01 1.115432076474e+00 1.197215361664e+00 1.238226633748e+00 1.238226526543e+00 1.197215306419e+00 1.115432000294e+00 9.943954583979e-01 8.387609440104e-01 6.592587452803e-01 4.800275856726e-01 3.127184790634e-01
 2.153214273420e-01 2.760807418849e-01 3.855318667745e-01 5.100561244032e-01 6.221581484081e-01 7.107425194518e-01 7.711212321215e-01 8.015430727730e-01 8.015426992467e-01 7.711209820701e-01 7.107419937585e-01 6.221578446976e-01 5.100559381309e-01 3.855321176267e-01 2.760809760083e-01 2.153213775158e-01
 1.189317225678e-01 1.189989984373e-01 1.557375053458e-01 2.230331890332e-01 2.888801189120e-01 3.420084211505e-01 3.785865610145e-01 3.971185726665e-01 3.971185694544e-01 3.785861637374e-01 3.420081595263e-01 2.888799968530e-01 2.230331282219e-01 1.557376607463e-01 1.189991135059e-01 1.189317857148e-01
 6.927521376036e-02 6.808030699706e-02 7.561567465735e-02 1.065654406709e-01 1.406853521139e-01 1.694405615175e-01 1.896274341877e-01 1.999522317828e-01 1.999522831908e-01 1.896272809278e-01 1.694404817933e-01 1.406852333539e-01 1.065654123805e-01 7.561569283673e-02 6.808029182980e-02 6.927530520006e-02

