1.029158774930e+00 1.049212393656e+00 1.023128516111e+00 1.107328373450e+00 1.247579857281e+00 1.389640347502e+00 1.499168928191e+00 1.557868493756e+00 1.557868542739e+00 1.499168926460e+00 1.389640357833e+00 1.247579840867e+00 1.107328394639e+00 1.023128504946e+00 1.049212384199e+00 1.029158782483e+00
 1.574338505128e+00 1.676618222474e+00 1.862994484922e+00 2.139784198274e+00 2.471700977204e+00 2.766904355554e+00 2.981706227901e+00 3.093923918680e+00 3.093924080230e+00 2.981706113982e+00 2.766904295424e+00 2.471701015905e+00 2.139784370607e+00 1.862994409133e+00 1.676618240128e+00 1.574338522804e+00
 2.476542478382e+00 3.096097735734e+00 3.839818075776e+00 4.625903346293e+00 5.344808476888e+00 5.929267329490e+00 6.338615710120e+00 6.548915548552e+00 6.548915582038e+00 6.338615734111e+00 5.929267193594e+00 5.344808557795e+00 4.625903429019e+00 3.839817993460e+00 3.096097877796e+00 2.476542533097e+00
 3.337782226238e+00 4.822863730543e+00 6.193387168952e+00 7.499724728953e+00 8.631793216573e+00 9.527219430140e+00 1.014538896228e+01 1.046072363776e+01 1.046072349162e+01 1.014538913541e+01 9.527219496649e+00 8.631793291512e+00 7.499724649790e+00 6.193387103642e+00 4.822863769112e+00 3.337782211075e+00
 4.005708373890e+00 6.063508564504e+00 7.940841416653e+00 9.642632495935e+00 1.108586777939e+01 1.221440444359e+01 1.298846659994e+01 1.338198585967e+01 1.338198597055e+01 1.298846666564e+01 1.221440460326e+01 1.108586776875e+01 9.642632587221e+00 7.940841199066e+00 6.063508491381e+00 4.005708344317e+00
 4.419785643653e+00 6.803506415007e+00 8.979881490584e+00 1.091488228531e+01 1.254007233272e+01 1.380378648916e+01 1.466764843509e+01 1.510601308678e+01 1.510601328645e+01 1.466764857893e+01 1.380378662506e+01 1.254007226007e+01 1.091488245191e+01 8.979881263740e+00 6.803506482164e+00 4.419785662061e+00
 4.561244375130e+00 7.048242587523e+00 9.312914243685e+00 1.131311026322e+01 1.298645293429e+01 1.428422430544e+01 1.516984527410e+01 1.561880551800e+01 1.561880541311e+01 1.516984529862e+01 1.428422454291e+01 1.298645292798e+01 1.131311036664e+01 9.312914349808e+00 7.048242624887e+00 4.561244361503e+00
 4.446096478323e+00 6.849291079751e+00 9.022903518692e+00 1.094103091097e+01 1.254409989281e+01 1.378618595308e+01 1.463315825912e+01 1.506231471962e+01 1.506231477486e+01 1.463315801719e+01 1.378618608544e+01 1.254409984308e+01 1.094103102077e+01 9.022903585781e+00 6.849291060527e+00 4.446096469433e+00
 4.117473202779e+00 6.297435949597e+00 8.248391989385e+00 9.973711552058e+00 1.141647450844e+01 1.253432511368e+01 1.329641695993e+01 1.368248831471e+01 1.368248850497e+01 1.329641692492e+01 1.253432520230e+01 1.141647421774e+01 9.973711813632e+00 8.248391833228e+00 6.297436098874e+00 4.117473230791e+00
 3.635475303073e+00 5.505238030141e+00 7.154624716163e+00 8.618943013487e+00 9.845272822828e+00 1.079589972305e+01 1.144403927195e+01 1.177236819047e+01 1.177236797625e+01 1.144403945383e+01 1.079589986491e+01 9.845272539935e+00 8.618943248918e+00 7.154624592423e+00 5.505238010422e+00 3.635475311346e+00
 3.066188906231e+00 4.588243819726e+00 5.906019231396e+00 7.081847929298e+00 8.068575587367e+00 8.834042722629e+00 9.356042172107e+00 9.620471962688e+00 9.620471846556e+00 9.356042298065e+00 8.834042629889e+00 8.068575642774e+00 7.081847798270e+00 5.906019173642e+00 4.588243755162e+00 3.066188884356e+00
 2.471839818939e+00 3.649284777766e+00 4.644516778909e+00 5.537763518743e+00 6.289105919534e+00 6.872439033106e+00 7.270293453325e+00 7.471822033289e+00 7.471822091352e+00 7.270293458794e+00 6.872438750019e+00 6.289106005283e+00 5.537763347870e+00 4.644516766579e+00 3.649285019816e+00 2.471839854383e+00
 1.903504026827e+00 2.768019398995e+00 3.476170173757e+00 4.115931656628e+00 4.655383857812e+00 5.074474021545e+00 5.360276197449e+00 5.505006292033e+00 5.505006214129e+00 5.360276223033e+00 5.074473867651e+00 4.655383820484e+00 4.115931896908e+00 3.476170042736e+00 2.768019609723e+00 1.903504091026e+00
 1.397018879040e+00 1.996192276742e+00 2.466108152492e+00 2.893883984546e+00 3.255490209693e+00 3.536451291284e+00 3.727907729806e+00 3.824784569255e+00 3.824784606430e+00 3.727907703834e+00 3.536451289164e+00 3.255490128675e+00 2.893884275731e+00 2.466108010609e+00 1.996192447392e+00 1.397018931861e+00
 9.720145176752e-01 1.357760861100e+00 1.640292284257e+00 1.900323999084e+00 2.120726463241e+00 2.291767612513e+00 2.408027904101e+00 2.466727548134e+00 2.466727533179e+00 2.408027660035e+00 2.291767637104e+00 2.120726512350e+00 1.900324085950e+00 1.640292304077e+00 1.357760955314e+00 9.720145129914e-01
 6.334979102461e-01 8.520741163076e-01 9.916485950847e-01 1.123271053238e+00 1.235126666313e+00 1.321331084943e+00 1.379364914417e+00 1.408441262984e+00 1.408441058583e+00 1.379364899421e+00 1.321330903119e+00 1.235126694141e+00 1.123271010167e+00 9.916486411778e-01 8.520741667573e-01 6.334978930278e-01
 3.751847281482e-01 4.587135960495e-01 4.912024867908e-01 5.228543669067e-01 5.485029390283e-01 5.661165701087e-01 5.763573135810e-01 5.808647065191e-01 5.808644990121e-01 5.763575081081e-01 5.661164086211e-01 5.485027811711e-01 5.228544079697e-01 4.912023442165e-01 4.587135897135e-01 3.751847533748e-01
 1.820204166543e-01 2.053909270798e-01 2.046127536681e-01 1.905001733577e-01 1.738174003243e-01 1.543707790351e-01 1.355051577243e-01 1.232330517192e-01 1.232329651348e-01 1.355052321166e-01 1.543708432698e-01 1.738173250648e-01 1.905002024033e-01 2.046126831996e-01 2.053908908502e-01 1.820203886480e-01
 8.537205625774e-02 9.494472173590e-02 9.316146228733e-02 8.461469327447e-02 7.198191069017e-02 5.602715710485e-02 3.797383841850e-02 2.180430536647e-02 2.180431172943e-02 3.797386762232e-02 5.602714680823e-02 7.198189455192e-02 8.461471559115e-02 9.316143401748e-02 9.494470604381e-02 8.537204785661e-02
 3.923292500633e-02 4.363314038733e-02 4.368299546262e-02 4.023584595459e-02 3.422501188582e-02 2.615451446561e-02 1.648436367901e-02 5.941611619448e-03 5.941624224186e-03 1.648436037326e-02 2.615452794864e-02 3.422498652265e-02 4.023583925285e-02 4.368300934543e-02 4.363312080987e-02 3.923290000730e-02
 1.756745853137e-02 1.959550624457e-02 1.997096086096e-02 1.878039004521e-02 1.632260753965e-02 1.289327968068e-02 8.896904242465e-03 5.352796497968e-03 5.352779758617e-03 8.896869553647e-03 1.289326418293e-02 1.632261830291e-02 1.878038035125e-02 1.997094192550e-02 1.959551009091e-02 1.756744767222e-02
 7.966924485017e-03 9.021592399846e-03 9.521282091717e-03 9.455383520697e-03 8.942166397257e-03 8.160956995691e-03 7.354950130410e-03 6.827274840402e-03 6.827249478199e-03 7.354923118186e-03 8.160934073626e-03 8.942148128073e-03 9.455365547315e-03 9.521279196066e-03 9.021597992041e-03 7.966908510415e-03
 4.399206361770e-03 5.121890392492e-03 5.735954454927e-03 6.216129849944e-03 6.574399245995e-03 6.829355601035e-03 6.993987806395e-03 7.074963853860e-03 7.074955352983e-03 6.993977563405e-03 6.829317743603e-03 6.574410195169e-03 6.216110585687e-03 5.735950074701e-03 5.121884749615e-03 4.399199032583e-03
 3.621096794700e-03 4.213780567645e-03 4.826465523545e-03 5.421236858292e-03 5.962355193700e-03 6.413794304585e-03 6.739667703836e-03 6.910844011353e-03 6.910828069749e-03 6.739659219395e-03 6.413801504510e-03 5.962333203166e-03 5.421245202974e-03 4.826479559446e-03 4.213775782920e-03 3.621095314049e-03
 3.752589066333e-03 4.265758628523e-03 4.816502985623e-03 5.368057332199e-03 5.880319898261e-03 6.312020421855e-03 6.624960387577e-03 6.789559134427e-03 6.789551356952e-03 6.624955158960e-03 6.312022751061e-03 5.880316344382e-03 5.368061739718e-03 4.816532121991e-03 4.265756950255e-03 3.752591499717e-03
 4.164601091572e-03 4.622515254171e-03 5.113836953754e-03 5.605696637891e-03 6.061673367502e-03 6.444690151757e-03 6.721551918060e-03 6.866770102131e-03 6.866802884243e-03 6.721524082332e-03 6.444681455642e-03 6.061680001090e-03 5.605709462014e-03 5.113840715454e-03 4.622531089770e-03 4.164578118811e-03
 4.718597934616e-03 5.137154451961e-03 5.583130814992e-03 6.026924341905e-03 6.435864183143e-03 6.777651116713e-03 7.023633438422e-03 7.152378374741e-03 7.152354671915e-03 7.023637728534e-03 6.777628320402e-03 6.435862839290e-03 6.026908178193e-03 5.583133916083e-03 5.137148272754e-03 4.718595740612e-03
 5.348352198060e-03 5.740497983857e-03 6.155106260057e-03 6.564846227230e-03 6.940288694434e-03 7.252588064223e-03 7.476510449515e-03 7.593451842016e-03 7.593433999046e-03 7.476509196616e-03 7.252551489600e-03 6.940299596048e-03 6.564805700749e-03 6.155105763942e-03 5.740479270830e-03 5.348353401700e-03
 5.991361808618e-03 6.367683296994e-03 6.762357586380e-03 7.150137230944e-03 7.503689691323e-03 7.796653228763e-03 8.006093054383e-03 8.115294840004e-03 8.115296690739e-03 8.006070424809e-03 7.796658322923e-03 7.503650038973e-03 7.150152246077e-03 6.762318770671e-03 6.367669652541e-03 5.991340444622e-03
 6.588313341027e-03 6.956387503682e-03 7.339767473687e-03 7.714583955534e-03 8.054924211813e-03 8.336085173844e-03 8.536688960305e-03 8.641133710002e-03 8.641108573503e-03 8.536693254436e-03 8.336084901491e-03 8.054910540207e-03 7.714569668325e-03 7.339760921774e-03 6.956380716510e-03 6.588301274975e-03
 7.087031995821e-03 7.451688955493e-03 7.829568795411e-03 8.197308506529e-03 8.530432071183e-03 8.804873276889e-03 9.000495155469e-03 9.102149895937e-03 9.102176440813e-03 9.000496156037e-03 8.804843715268e-03 8.530447387961e-03 8.197298529961e-03 7.829598167526e-03 7.451675675412e-03 7.087052154254e-03
 7.445575992598e-03 7.809465257774e-03 8.184966192831e-03 8.549485599936e-03 8.878854398708e-03 9.149986843891e-03 9.342871669312e-03 9.443196914762e-03 9.443215883685e-03 9.342844067143e-03 9.150020833592e-03 8.878818449900e-03 8.549519728428e-03 8.184960064828e-03 7.809504885926e-03 7.445591633245e-03
 7.634689441501e-03 7.998632757490e-03 8.373384651542e-03 8.736667113470e-03 9.064548195852e-03 9.334221983324e-03 9.526036749384e-03 9.625732364108e-03 9.625715779086e-03 9.526060971703e-03 9.334187698204e-03 9.064575923018e-03 8.736644475136e-03 8.373414127617e-03 7.998645841490e-03 7.634705239351e-03
 7.639131988213e-03 8.003092366921e-03 8.377887984284e-03 8.741123421766e-03 9.068985345152e-03 9.338577182108e-03 9.530379522653e-03 9.630046592866e-03 9.630004479253e-03 9.530411831254e-03 9.338560252999e-03 9.068995271412e-03 8.741114497874e-03 8.377898291933e-03 8.003101430879e-03 7.639139235853e-03
 7.458484057445e-03 7.822603306406e-03 8.198132786635e-03 8.562595009248e-03 8.891838873111e-03 9.162827680686e-03 9.355645159358e-03 9.455872198775e-03 9.455912100176e-03 9.355606551124e-03 9.162879187639e-03 8.891813835327e-03 8.562622408758e-03 8.198123564112e-03 7.822607898148e-03 7.458504871913e-03
 7.107467430568e-03 7.472486710866e-03 7.850461279331e-03 8.218162417672e-03 8.551129693734e-03 8.825449506578e-03 9.020895711925e-03 9.122548490731e-03 9.122559015134e-03 9.020908868339e-03 8.825430589604e-03 8.551165492071e-03 8.218163079795e-03 7.850483234371e-03 7.472478981578e-03 7.107493290428e-03
 6.614575661202e-03 6.983102235804e-03 7.366768634891e-03 7.741600068458e-03 8.081920682971e-03 8.362997609530e-03 8.563577144432e-03 8.667981007303e-03 8.667942939262e-03 8.563594198755e-03 8.363014321586e-03 8.081917879514e-03 7.741625765223e-03 7.366766128893e-03 6.983134681661e-03 6.614574283699e-03
 6.020815622760e-03 6.397819973933e-03 6.792929576740e-03 7.181056312875e-03 7.534859678597e-03 7.828034982291e-03 8.037639390603e-03 8.146870918530e-03 8.146917440615e-03 8.037616460016e-03 7.828036702464e-03 7.534869420991e-03 7.181069204092e-03 6.792934090195e-03 6.397829979816e-03 6.020825046241e-03
 5.377230395292e-03 5.770269144058e-03 6.185799965192e-03 6.596504114651e-03 6.972826922704e-03 7.285913802099e-03 7.510388778885e-03 7.627660806728e-03 7.627637559039e-03 7.510393857816e-03 7.285881295687e-03 6.972835794841e-03 6.596480016026e-03 6.185808723768e-03 5.770251816044e-03 5.377232588280e-03
 4.741036594547e-03 5.161150846331e-03 5.609151969522e-03 6.055098684278e-03 6.466189455717e-03 6.809849602047e-03 7.057212220743e-03 7.186672475135e-03 7.186655745245e-03 7.057191126697e-03 6.809841460015e-03 6.466157723657e-03 6.055076461355e-03 5.609134989141e-03 5.161133468737e-03 4.741002728934e-03
 4.171296303327e-03 4.632622933551e-03 5.128311703805e-03 5.624939721284e-03 6.085508257184e-03 6.472333298280e-03 6.751981588585e-03 6.898667033210e-03 6.898682159717e-03 6.751947470127e-03 6.472320314381e-03 6.085493946264e-03 5.624960682033e-03 5.128254475868e-03 4.632621985222e-03 4.171240671202e-03
 3.727292671847e-03 4.248672450833e-03 4.809387500398e-03 5.371077099448e-03 5.892437884216e-03 6.331560553411e-03 6.649672870356e-03 6.816895816975e-03 6.816878273708e-03 6.649680262166e-03 6.331565120143e-03 5.892438221757e-03 5.371085068710e-03 4.809385136460e-03 4.248635013825e-03 3.727274779681e-03
 3.534202863359e-03 4.146771246299e-03 4.781357326920e-03 5.396883617211e-03 5.955879204407e-03 6.421142221551e-03 6.756315036407e-03 6.932188708357e-03 6.932178425013e-03 6.756326319562e-03 6.421165526363e-03 5.955899718163e-03 5.396901194458e-03 4.781377661765e-03 4.146754291465e-03 3.534202871317e-03
 4.221671443683e-03 4.980100052416e-03 5.631841292645e-03 6.148123050890e-03 6.537936355387e-03 6.817855486711e-03 6.999618911028e-03 7.089248024116e-03 7.089249773131e-03 6.999616219798e-03 6.817863867833e-03 6.537981610399e-03 6.148159098640e-03 5.631869699263e-03 4.980119515546e-03 4.221661396557e-03
 7.727264130510e-03 8.818497458805e-03 9.359070713380e-03 9.335688770376e-03 8.863537128641e-03 8.118983173567e-03 7.342530684899e-03 6.832436526708e-03 6.832436359060e-03 7.342533040242e-03 8.118983752403e-03 8.863540181616e-03 9.335738888657e-03 9.359071370833e-03 8.818518162832e-03 7.727272413194e-03
 1.728696657037e-02 1.934326635557e-02 1.975837405584e-02 1.861408677834e-02 1.620244179637e-02 1.281525551276e-02 8.855923693421e-03 5.343590064546e-03 5.343596699246e-03 8.855893062652e-03 1.281525152091e-02 1.620245960406e-02 1.861407440981e-02 1.975839120163e-02 1.934327819133e-02 1.728695519974e-02
 3.889184328285e-02 4.330738120752e-02 4.339804876157e-02 4.000983511461e-02 3.406200033126e-02 2.604990424595e-02 1.643305388617e-02 5.953932069053e-03 5.953928214941e-03 1.643303013811e-02 2.604990161998e-02 3.406197032701e-02 4.000981648426e-02 4.339805532003e-02 4.330734681885e-02 3.889184325102e-02
 8.494311837731e-02 9.449965831605e-02 9.275733952627e-02 8.429608197207e-02 7.176257727115e-02 5.590680020141e-02 3.795487994795e-02 2.190618358404e-02 2.190615076695e-02 3.795488534088e-02 5.590676875160e-02 7.176257311826e-02 8.429603867702e-02 9.275729437604e-02 9.449967919421e-02 8.494309863421e-02
 1.815014326907e-01 2.047664424041e-01 2.041063175310e-01 1.902164284626e-01 1.737803346171e-01 1.545762306616e-01 1.359289693632e-01 1.238023714767e-01 1.238022317766e-01 1.359289807098e-01 1.545762259400e-01 1.737803190518e-01 1.902162973982e-01 2.041063051668e-01 2.047664488575e-01 1.815014089980e-01
 3.747290850220e-01 4.583613861865e-01 4.913877887718e-01 5.237285414064e-01 5.499747451387e-01 5.680556863474e-01 5.786168347349e-01 5.832871065010e-01 5.832869022135e-01 5.786168822782e-01 5.680558196876e-01 5.499745600143e-01 5.237284571712e-01 4.913879588635e-01 4.583612976496e-01 3.747290392799e-01
 6.330167190283e-01 8.524604298400e-01 9.934989348586e-01 1.126445072458e+00 1.239372460192e+00 1.326376994262e+00 1.384940254259e+00 1.414279542010e+00 1.414279666173e+00 1.384940173317e+00 1.326377026545e+00 1.239372605636e+00 1.126444976648e+00 9.934989220765e-01 8.524602317520e-01 6.330166912424e-01
 9.717648811684e-01 1.359282632117e+00 1.644402575394e+00 1.906599545346e+00 2.128724018096e+00 2.301049220225e+00 2.418160789339e+00 2.477284857744e+00 2.477285241432e+00 2.418160698575e+00 2.301049080943e+00 2.128724372916e+00 1.906599124260e+00 1.644402594573e+00 1.359282609621e+00 9.717648351149e-01
 1.397358529916e+00 1.999481680023e+00 2.473388515090e+00 2.904440154737e+00 3.268651287855e+00 3.551564941604e+00 3.744324328968e+00 3.841853152884e+00 3.841853302453e+00 3.744324266541e+00 3.551564933586e+00 3.268651408357e+00 2.904440058773e+00 2.473388450466e+00 1.999481732196e+00 1.397358580511e+00
 1.904827031912e+00 2.773804527372e+00 3.487668757123e+00 4.132104061092e+00 4.675288945759e+00 5.097193476054e+00 5.384884250959e+00 5.530562598723e+00 5.530562837787e+00 5.384884352677e+00 5.097193459605e+00 4.675289000528e+00 4.132104026947e+00 3.487668629301e+00 2.773804668986e+00 1.904827053860e+00
 2.474523069194e+00 3.658262329850e+00 4.661222423240e+00 5.560794061369e+00 6.317210953865e+00 6.904388187142e+00 7.304832080243e+00 7.507664804076e+00 7.507664950417e+00 7.304832187834e+00 6.904388084858e+00 6.317211042872e+00 5.560793856630e+00 4.661222685608e+00 3.658262298534e+00 2.474523061332e+00
 3.070534336540e+00 4.600937174732e+00 5.928634518677e+00 7.112593421021e+00 8.105867719599e+00 8.876311629321e+00 9.401672104973e+00 9.667797217605e+00 9.667797214937e+00 9.401672007781e+00 8.876311616991e+00 8.105867924167e+00 7.112593242247e+00 5.928634751422e+00 4.600937110308e+00 3.070534335892e+00
 3.641650153400e+00 5.521850449289e+00 7.183328379572e+00 8.657568669326e+00 9.891910038143e+00 1.084864282539e+01 1.150091346121e+01 1.183132791135e+01 1.183132817817e+01 1.150091327770e+01 1.084864289267e+01 9.891910150519e+00 8.657568484501e+00 7.183328546379e+00 5.521850401979e+00 3.641650084919e+00
 4.125456109475e+00 6.317718385243e+00 8.282630881245e+00 1.001942392686e+01 1.147147317453e+01 1.259641418701e+01 1.336330936602e+01 1.375180809819e+01 1.375180832055e+01 1.336330928924e+01 1.259641424499e+01 1.147147320430e+01 1.001942375761e+01 8.282631058719e+00 6.317718307101e+00 4.125456077327e+00
 4.455641616704e+00 6.872454629794e+00 9.061261882775e+00 1.099191548484e+01 1.260514684079e+01 1.385500452540e+01 1.470724646203e+01 1.513906800167e+01 1.513906821123e+01 1.470724656217e+01 1.385500430607e+01 1.260514695763e+01 1.099191547927e+01 9.061261744393e+00 6.872454713231e+00 4.455641652328e+00
 4.571874221920e+00 7.072946458442e+00 9.353106458338e+00 1.136613574221e+01 1.304991941318e+01 1.435568838150e+01 1.524673783838e+01 1.569844434526e+01 1.569844456348e+01 1.524673763083e+01 1.435568840891e+01 1.304991947265e+01 1.136613565323e+01 9.353106511192e+00 7.072946514199e+00 4.571874221980e+00
 4.430818707275e+00 6.827939366027e+00 9.018905575315e+00 1.096611657850e+01 1.260128306176e+01 1.387265368635e+01 1.474171776400e+01 1.518271520480e+01 1.518271533623e+01 1.474171760654e+01 1.387265397301e+01 1.260128291620e+01 1.096611651284e+01 9.018905882085e+00 6.827939287519e+00 4.430818703668e+00
 4.016320104207e+00 6.085560356771e+00 7.975296227305e+00 9.687682800379e+00 1.113963663972e+01 1.227488076128e+01 1.305350359305e+01 1.344933173855e+01 1.344933166143e+01 1.305350374461e+01 1.227488079316e+01 1.113963656912e+01 9.687682891668e+00 7.975296244969e+00 6.085560436406e+00 4.016320108707e+00
 3.347084303270e+00 4.840335156511e+00 6.219921193687e+00 7.534371842210e+00 8.673191396946e+00 9.573823103216e+00 1.019553208041e+01 1.051265794189e+01 1.051265785379e+01 1.019553217407e+01 9.573822982570e+00 8.673191553936e+00 7.534371822658e+00 6.219921230682e+00 4.840335101958e+00 3.347084298570e+00
 2.483660464821e+00 3.106780059212e+00 3.855685740979e+00 4.646888295174e+00 5.370101037028e+00 5.957874854767e+00 6.369469522888e+00 6.580903587434e+00 6.580903538393e+00 6.369469661635e+00 5.957874803363e+00 5.370101186503e+00 4.646888145567e+00 3.855685900362e+00 3.106779949558e+00 2.483660403483e+00
 1.578749356933e+00 1.681818304374e+00 1.869971100762e+00 2.148916140375e+00 2.482896235038e+00 2.779703698414e+00 2.995586928113e+00 3.108348263092e+00 3.108348142560e+00 2.995587085968e+00 2.779703724165e+00 2.482896280100e+00 2.148916058521e+00 1.869971111649e+00 1.681818327964e+00 1.578749349740e+00
 1.032163525329e+00 1.052415204681e+00 1.026556684904e+00 1.111577457236e+00 1.252711831464e+00 1.395494122918e+00 1.505518178854e+00 1.564468416103e+00 1.564468381473e+00 1.505518212486e+00 1.395494121206e+00 1.252711837788e+00 1.111577469913e+00 1.026556671169e+00 1.052415218917e+00 1.032163530023e+00

