8.778522123943e-02 1.087887201157e-01 1.252407345568e-01 1.309949413773e-01 1.242901938185e-01 1.057803016808e-01 7.933449503597e-02 5.539868336382e-02 5.539873408874e-02 7.933454927918e-02 1.057803323079e-01 1.242901954140e-01 1.309949134818e-01 1.252407112342e-01 1.087886682783e-01 8.778516159256e-02
 1.065632827381e-01 1.439456608235e-01 1.748693933782e-01 1.879216072592e-01 1.797825336458e-01 1.513713007199e-01 1.077277639030e-01 6.347903561039e-02 6.347908318315e-02 1.077278524388e-01 1.513713452625e-01 1.797824854364e-01 1.879216442160e-01 1.748692314559e-01 1.439455793838e-01 1.065632642684e-01
 1.192624237169e-01 1.718638983944e-01 2.218191288487e-01 2.457275066713e-01 2.383605948302e-01 1.992114456771e-01 1.329627525144e-01 5.050455393255e-02 5.050456888993e-02 1.329628123980e-01 1.992113306109e-01 2.383605420966e-01 2.457275188250e-01 2.218189140534e-01 1.718639706615e-01 1.192624706939e-01
 1.245090679883e-01 1.829601297965e-01 2.487450137545e-01 2.875207043052e-01 2.881343288178e-01 2.485199237484e-01 1.758436538878e-01 9.393259191147e-02 9.393268646146e-02 1.758434702497e-01 2.485200740177e-01 2.881344376609e-01 2.875204777148e-01 2.487451249902e-01 1.829602788397e-01 1.245090158389e-01
 1.201051607075e-01 1.793888737167e-01 2.583726832258e-01 3.123782799368e-01 3.233130111476e-01 2.874483385606e-01 2.142663239114e-01 1.359440738098e-01 1.359439905609e-01 2.142664420897e-01 2.874482838930e-01 3.233129525784e-01 3.123786089838e-01 2.583727827636e-01 1.793887893101e-01 1.201050985351e-01
 1.051822341465e-01 1.599054585842e-01 2.504079419281e-01 3.179968245568e-01 3.380367242248e-01 3.052417257141e-01 2.297910593332e-01 1.470872583756e-01 1.470870908393e-01 2.297913762336e-01 3.052417417464e-01 3.380367741485e-01 3.179966372001e-01 2.504079503574e-01 1.599054846811e-01 1.051821453417e-01
 8.063342088792e-02 1.274975510312e-01 2.302037346607e-01 3.088246730810e-01 3.352174105623e-01 3.032712729500e-01 2.223187918358e-01 1.261843732107e-01 1.261844971861e-01 2.223189069833e-01 3.032711773405e-01 3.352174838745e-01 3.088246360008e-01 2.302036948324e-01 1.274974968969e-01 8.063338967903e-02
 4.936873374874e-02 9.143266396504e-02 2.091417110015e-01 2.951947625794e-01 3.249780168620e-01 2.926967296767e-01 2.060630938938e-01 9.027678949645e-02 9.027685975846e-02 2.060630233861e-01 2.926969393067e-01 3.249779944659e-01 2.951948050188e-01 2.091416983866e-01 9.143272170184e-02 4.936872063237e-02
 1.933589524440e-02 7.304320021020e-02 2.006887950858e-01 2.885760428878e-01 3.193964338233e-01 2.884007286460e-01 2.035662253833e-01 9.038573402044e-02 9.038576294728e-02 2.035661919242e-01 2.884007418813e-01 3.193964707891e-01 2.885760646087e-01 2.006889362049e-01 7.304338486610e-02 1.933590915506e-02
 2.959441953841e-02 9.002706679506e-02 2.096930032923e-01 2.934234655319e-01 3.239332574972e-01 2.976665007976e-01 2.255482738157e-01 1.436079063349e-01 1.436078354430e-01 2.255481742141e-01 2.976663789248e-01 3.239333458234e-01 2.934232895577e-01 2.096930915805e-01 9.002704066921e-02 2.959436487322e-02
 5.763777071152e-02 1.211304934758e-01 2.271984952744e-01 3.035401477459e-01 3.331011983593e-01 3.136931177050e-01 2.584212960079e-01 2.028797024616e-01 2.028790506772e-01 2.584216356070e-01 3.136928909931e-01 3.331013782966e-01 3.035400470305e-01 2.271985477365e-01 1.211304985887e-01 5.763768018206e-02
 7.934290239260e-02 1.461974142103e-01 2.400627240432e-01 3.079238809575e-01 3.358012146300e-01 3.228755699258e-01 2.822792349437e-01 2.438791175933e-01 2.438787512510e-01 2.822795824511e-01 3.228753198350e-01 3.358013866148e-01 3.079239256121e-01 2.400628800506e-01 1.461976464856e-01 7.934289012829e-02
 9.135279976941e-02 1.577653153825e-01 2.395551584779e-01 2.980658325076e-01 3.230080420758e-01 3.146248463424e-01 2.847522881306e-01 2.572187246754e-01 2.572192018170e-01 2.847520673503e-01 3.146251984472e-01 3.230080228625e-01 2.980658635007e-01 2.395551659405e-01 1.577655788039e-01 9.135281636430e-02
 9.310257131882e-02 1.542497414667e-01 2.226936280552e-01 2.706909254178e-01 2.911097726179e-01 2.848316926053e-01 2.619069741194e-01 2.411457587170e-01 2.411461895129e-01 2.619065484987e-01 2.848320865626e-01 2.911097711506e-01 2.706910179843e-01 2.226937013187e-01 1.542498181298e-01 9.310249515527e-02
 8.571783104478e-02 1.373052575234e-01 1.908869835909e-01 2.272396336220e-01 2.416056784514e-01 2.351011254904e-01 2.159163599664e-01 1.990130283171e-01 1.990128219232e-01 2.159164460451e-01 2.351011232959e-01 2.416057159220e-01 2.272395827432e-01 1.908870785774e-01 1.373052483487e-01 8.571774625149e-02
 7.153662613266e-02 1.104805471153e-01 1.482059946984e-01 1.722233853846e-01 1.794168946817e-01 1.707396742491e-01 1.525234748427e-01 1.369823756891e-01 1.369820646903e-01 1.525236066721e-01 1.707395750200e-01 1.794170118425e-01 1.722231662464e-01 1.482060327306e-01 1.104805632850e-01 7.153656446557e-02
 5.359871018218e-02 7.808589833814e-02 9.989304721954e-02 1.117706376085e-01 1.116504941044e-01 9.969633994894e-02 7.976346518481e-02 6.183638747492e-02 6.183634463625e-02 7.976337781237e-02 9.969638419588e-02 1.116505694132e-01 1.117705296962e-01 9.989303900966e-02 7.808593665407e-02 5.359865747875e-02
 3.541619614068e-02 4.790649975139e-02 5.804185917475e-02 6.235139038981e-02 5.978883083380e-02 4.987830973960e-02 3.365987851841e-02 1.443244171019e-02 1.443252390937e-02 3.365987767694e-02 4.987838381516e-02 5.978879677339e-02 6.235134334651e-02 5.804182944509e-02 4.790654079281e-02 3.541621854571e-02
 2.179057858066e-02 2.782775793667e-02 3.241069103760e-02 3.420399759440e-02 3.238036067822e-02 2.669760116491e-02 1.761477564298e-02 6.271729400241e-03 6.271748945111e-03 1.761481525076e-02 2.669762908218e-02 3.238038767162e-02 3.420399095860e-02 3.241068949574e-02 2.782778246014e-02 2.179058594795e-02
 1.280754260733e-02 1.578910733959e-02 1.798374119746e-02 1.871932991466e-02 1.756369142601e-02 1.440099703477e-02 9.475147152196e-03 3.391483159576e-03 3.391507813579e-03 9.475172322820e-03 1.440101054216e-02 1.756370525266e-02 1.871935682917e-02 1.798373805077e-02 1.578913624814e-02 1.280753319963e-02
 7.220467098588e-03 8.663507700697e-03 9.677678079172e-03 9.943764108763e-03 9.250559132207e-03 7.545230002682e-03 4.954999823055e-03 1.801384012277e-03 1.801437476326e-03 4.955023384852e-03 7.545259493022e-03 9.250536052607e-03 9.943752558962e-03 9.677726590974e-03 8.663512428291e-03 7.220477908707e-03
 3.924646560656e-03 4.600461357251e-03 5.048680356816e-03 5.123174197769e-03 4.726490135055e-03 3.836590935881e-03 2.519038018545e-03 9.479229095875e-04 9.479443809600e-04 2.519032685320e-03 3.836591395792e-03 4.726532939759e-03 5.123173220691e-03 5.048671826284e-03 4.600448058318e-03 3.924667110834e-03
 2.083834587839e-03 2.385523496551e-03 2.570477170414e-03 2.574298460653e-03 2.354326368251e-03 1.902743539401e-03 1.253789979307e-03 5.068403670984e-04 5.067967751807e-04 1.253852175988e-03 1.902755247125e-03 2.354319984619e-03 2.574295085301e-03 2.570478340347e-03 2.385548675991e-03 2.083840163559e-03
 1.115863381475e-03 1.240486569939e-03 1.306707991844e-03 1.287196466382e-03 1.164647485901e-03 9.373200253773e-04 6.237164234967e-04 2.830393301155e-04 2.830826099338e-04 6.237304757497e-04 9.373218233044e-04 1.164651662031e-03 1.287222561651e-03 1.306672461759e-03 1.240509991872e-03 1.115866777750e-03
 6.403942817702e-04 6.843166769846e-04 6.984473390533e-04 6.719298958618e-04 5.982729137823e-04 4.782140615503e-04 3.221272745062e-04 1.643794368088e-04 1.644012593756e-04 3.221203947432e-04 4.782240741457e-04 5.983036208548e-04 6.719000253683e-04 6.984634672711e-04 6.843278159854e-04 6.403728939952e-04
 4.238987044078e-04 4.327214146861e-04 4.246776807321e-04 3.957998894985e-04 3.440093476374e-04 2.705896442256e-04 1.814391351992e-04 9.551102017775e-05 9.550222940727e-05 1.814371395284e-04 2.706292948117e-04 3.439938674380e-04 3.957995072409e-04 4.247013834327e-04 4.326645989825e-04 4.239138433206e-04
 3.338522880224e-04 3.278870669049e-04 3.106748693131e-04 2.805629879127e-04 2.373279744771e-04 1.820022646115e-04 1.178635560858e-04 5.460566953857e-05 5.456005870251e-05 1.178754792544e-04 1.819986444565e-04 2.373260847535e-04 2.806162824218e-04 3.106236777656e-04 3.278882132420e-04 3.338018226873e-04
 3.019316520520e-04 2.895883279372e-04 2.681935893083e-04 2.372155906989e-04 1.967288015083e-04 1.478464519499e-04 9.239158707718e-05 3.419402184886e-05 3.423846461073e-05 9.235616510455e-05 1.478394658776e-04 1.967897774763e-04 2.371827921881e-04 2.682180037970e-04 2.895593478472e-04 3.018944531240e-04
 2.952477959761e-04 2.797183120331e-04 2.560461714315e-04 2.240042295615e-04 1.840535141914e-04 1.370681840312e-04 8.463844616762e-05 2.890862792684e-05 2.886941661081e-05 8.466726475702e-05 1.370905118169e-04 1.840464354901e-04 2.240502409882e-04 2.560190087770e-04 2.796973159153e-04 2.952524465357e-04
 2.982817752397e-04 2.809422626164e-04 2.556581814580e-04 2.225711526531e-04 1.820659278657e-04 1.352420087948e-04 8.356137926835e-05 2.938549362387e-05 2.938988511026e-05 8.354765393871e-05 1.352546995878e-04 1.820881444090e-04 2.225633646782e-04 2.556583598650e-04 2.809049794664e-04 2.982804999855e-04
 3.037322663571e-04 2.852324816808e-04 2.588932432802e-04 2.248155400761e-04 1.835577243122e-04 1.361997005568e-04 8.420839529652e-05 3.040857175362e-05 3.036472467199e-05 8.422115898324e-05 1.362020817592e-04 1.835823384569e-04 2.247867030599e-04 2.588882242655e-04 2.852343745542e-04 3.036879683284e-04
 3.078126727937e-04 2.887397596133e-04 2.617679955424e-04 2.270498675535e-04 1.852693688936e-04 1.373588911031e-04 8.495853165015e-05 3.090612144723e-05 3.090076264194e-05 8.496700047855e-05 1.373896427865e-04 1.852485909128e-04 2.270686990953e-04 2.617433842836e-04 2.887233304754e-04 3.078128538588e-04
 3.084166247709e-04 2.892436220836e-04 2.621755689547e-04 2.273584444579e-04 1.854689301036e-04 1.375408048813e-04 8.513883953124e-05 3.125389397754e-05 3.129098076766e-05 8.516021566961e-05 1.375427645130e-04 1.854837516056e-04 2.273856359780e-04 2.621502858614e-04 2.892205705183e-04 3.084004244629e-04
 3.045037444266e-04 2.857153526042e-04 2.590656629300e-04 2.248356519212e-04 1.834542565017e-04 1.362226155544e-04 8.460660337664e-05 3.202987434281e-05 3.203782145443e-05 8.461826473858e-05 1.362238601022e-04 1.835061670344e-04 2.247909467444e-04 2.590947555408e-04 2.857508029214e-04 3.044831589662e-04
 2.961528920044e-04 2.782449488065e-04 2.526407639790e-04 2.194953817975e-04 1.794738664358e-04 1.336030902287e-04 8.365969196697e-05 3.404405674406e-05 3.404178802067e-05 8.365432393609e-05 1.336079921692e-04 1.794575348646e-04 2.195298886847e-04 2.526450969803e-04 2.782312642086e-04 2.961868514331e-04
 2.845364283113e-04 2.680118511802e-04 2.440285064956e-04 2.126381120805e-04 1.745244910468e-04 1.307741902128e-04 8.339824900214e-05 3.848095861323e-05 3.847808925136e-05 8.338884902322e-05 1.307585993649e-04 1.745175898945e-04 2.126529271290e-04 2.440172763932e-04 2.680305138958e-04 2.845326594780e-04
 2.717811438324e-04 2.573516875092e-04 2.355699663942e-04 2.065510542042e-04 1.708479209087e-04 1.297102435895e-04 8.582565034602e-05 4.720937144432e-05 4.720222393394e-05 8.581724341196e-05 1.297039093118e-04 1.708265421764e-04 2.065260424280e-04 2.355935041381e-04 2.573680628917e-04 2.718093850830e-04
 2.616542102103e-04 2.501769149526e-04 2.313418030733e-04 2.051680299474e-04 1.721817283385e-04 1.339858052190e-04 9.405514958772e-05 6.209796717401e-05 6.212160936626e-05 9.403462630743e-05 1.339672412702e-04 1.721574877191e-04 2.051852889952e-04 2.313597477609e-04 2.501608497591e-04 2.616753078162e-04
 2.607354269183e-04 2.537833204892e-04 2.390827894160e-04 2.162224507217e-04 1.857154799553e-04 1.496452895913e-04 1.124445202915e-04 8.493455333048e-05 8.496177997521e-05 1.124777093410e-04 1.496377250398e-04 1.857573391201e-04 2.161809182125e-04 2.390858172776e-04 2.538192146448e-04 2.607290693969e-04
 2.831500100353e-04 2.843533147056e-04 2.760686210595e-04 2.569106838339e-04 2.269834173082e-04 1.886006467610e-04 1.477996217093e-04 1.180022525293e-04 1.179744556617e-04 1.478781805316e-04 1.886119706561e-04 2.269739800292e-04 2.569198040410e-04 2.760654514738e-04 2.843933508444e-04 2.831294995374e-04
 3.616815353240e-04 3.804002351756e-04 3.842412744629e-04 3.690995102637e-04 3.332093968798e-04 2.788268959271e-04 2.153373863451e-04 1.652369129213e-04 1.652163725013e-04 2.153191058970e-04 2.788601839312e-04 3.331858029052e-04 3.691539611793e-04 3.842330227337e-04 3.803588810565e-04 3.617388155436e-04
 5.692090983385e-04 6.269802956038e-04 6.564667628157e-04 6.461193767753e-04 5.891565085442e-04 4.870568179554e-04 3.544422628200e-04 2.355419330175e-04 2.355747181372e-04 3.544368989496e-04 4.870684667848e-04 5.891699373844e-04 6.460756241141e-04 6.565194486356e-04 6.269822599769e-04 5.692236642816e-04
 1.041347352061e-03 1.183930567458e-03 1.269151202561e-03 1.268113397625e-03 1.162211487729e-03 9.499898942200e-04 6.539575413834e-04 3.515690971101e-04 3.516338214839e-04 6.539348189410e-04 9.499670782195e-04 1.162208360609e-03 1.268119421960e-03 1.269136169862e-03 1.183968216283e-03 1.041345807811e-03
 2.003728121906e-03 2.326156116354e-03 2.533952457407e-03 2.559852142589e-03 2.358187316673e-03 1.920002629678e-03 1.282572245308e-03 5.672342610420e-04 5.671830192473e-04 1.282557626064e-03 1.919998114839e-03 2.358166435827e-03 2.559861995331e-03 2.533950104890e-03 2.326156466211e-03 2.003734446120e-03
 3.815379197767e-03 4.510265150428e-03 4.985320711293e-03 5.089202418495e-03 4.718009612356e-03 3.845686930860e-03 2.539071381859e-03 9.907341293599e-04 9.906744786738e-04 2.539066099736e-03 3.845707338243e-03 4.717976396147e-03 5.089163964598e-03 4.985358336011e-03 4.510260376607e-03 3.815367614115e-03
 7.017915886823e-03 8.464797689929e-03 9.509044861775e-03 9.819622255813e-03 9.172004809179e-03 7.504201503857e-03 4.940591445443e-03 1.811607439604e-03 1.811668415447e-03 4.940613821620e-03 7.504155783564e-03 9.172000437472e-03 9.819620717695e-03 9.509007772347e-03 8.464786648816e-03 7.017936920955e-03
 1.237239651930e-02 1.530347065437e-02 1.753045151907e-02 1.834323063059e-02 1.728117684920e-02 1.421036539418e-02 9.365191154730e-03 3.345414081351e-03 3.345451255549e-03 9.365201882243e-03 1.421036271791e-02 1.728117163139e-02 1.834320832506e-02 1.753042307045e-02 1.530351044202e-02 1.237240479606e-02
 2.084526867351e-02 2.666501294739e-02 3.129944433433e-02 3.324085389893e-02 3.161435712453e-02 2.614743580028e-02 1.727734863857e-02 6.113155773442e-03 6.113155483267e-03 1.727734717216e-02 2.614745997763e-02 3.161435764060e-02 3.324082017636e-02 3.129947225891e-02 2.666504570463e-02 2.084532363708e-02
 3.343705868103e-02 4.510115915945e-02 5.483655277247e-02 5.912478109920e-02 5.675352741599e-02 4.720161084242e-02 3.130428127865e-02 1.118424858280e-02 1.118417569213e-02 3.130428437630e-02 4.720165368631e-02 5.675353840981e-02 5.912477525299e-02 5.483659085801e-02 4.510123874449e-02 3.343710692871e-02
 4.994132209416e-02 7.108009147167e-02 8.955495618641e-02 9.825316832022e-02 9.528752071233e-02 8.017029246161e-02 5.482849690263e-02 2.540052959060e-02 2.540059146109e-02 5.482863896825e-02 8.017024449643e-02 9.528750256765e-02 9.825326023683e-02 8.955503340802e-02 7.108006979047e-02 4.994130919043e-02
 6.704535144616e-02 9.883033619849e-02 1.278582761671e-01 1.426985377750e-01 1.402245989988e-01 1.201833970759e-01 8.634229659834e-02 5.075716369154e-02 5.075732936916e-02 8.634239305242e-02 1.201834155841e-01 1.402245959769e-01 1.426986616179e-01 1.278581770731e-01 9.883023620274e-02 6.704534710969e-02
 8.070091808881e-02 1.221508743021e-01 1.620614765231e-01 1.839059622746e-01 1.830399759560e-01 1.591327382862e-01 1.176498015407e-01 7.554330946811e-02 7.554331680750e-02 1.176500234379e-01 1.591327261633e-01 1.830398620264e-01 1.839062317798e-01 1.620612505528e-01 1.221506153996e-01 8.070095742367e-02
 8.786920059057e-02 1.373337780172e-01 1.884628528795e-01 2.180649133384e-01 2.197987625116e-01 1.930072800470e-01 1.444938776418e-01 9.531437824806e-02 9.531407970465e-02 1.444943127232e-01 1.930069358830e-01 2.197987315146e-01 2.180650157004e-01 1.884628417963e-01 1.373334646770e-01 8.786925779196e-02
 8.634172593257e-02 1.412926459242e-01 2.034590411040e-01 2.412495286661e-01 2.464524674557e-01 2.178220431075e-01 1.629473722193e-01 1.059701464507e-01 1.059695433063e-01 1.629477908318e-01 2.178217227677e-01 2.464524056455e-01 2.412497650136e-01 2.034591115838e-01 1.412923601061e-01 8.634175169421e-02
 7.511520003861e-02 1.323119639364e-01 2.046679561660e-01 2.506170105686e-01 2.599822475872e-01 2.306841792063e-01 1.703665027944e-01 1.045860905198e-01 1.045861892661e-01 1.703665219723e-01 2.306843399265e-01 2.599819669733e-01 2.506174271907e-01 2.046677582161e-01 1.323118460191e-01 7.511523390358e-02
 5.473651036248e-02 1.107888072396e-01 1.920002135277e-01 2.455655329928e-01 2.595629809675e-01 2.309687693575e-01 1.666930558749e-01 9.091663768725e-02 9.091720835933e-02 1.666928728131e-01 2.309688927094e-01 2.595627356806e-01 2.455658325203e-01 1.919999881085e-01 1.107888628978e-01 5.473655949384e-02
 2.786180833209e-02 8.027879524906e-02 1.686972370641e-01 2.286487550497e-01 2.473840640242e-01 2.210942116185e-01 1.554641309344e-01 6.960881464242e-02 6.960876019482e-02 1.554641273746e-01 2.210940997994e-01 2.473840903891e-01 2.286487824204e-01 1.686971555858e-01 8.027881255800e-02 2.786188248881e-02
 1.361205600294e-02 5.152206899027e-02 1.423996437273e-01 2.059292864852e-01 2.286652925333e-01 2.062638605421e-01 1.434834943117e-01 5.458084065445e-02 5.458068734619e-02 1.434834599560e-01 2.062637103890e-01 2.286652567716e-01 2.059293037919e-01 1.423995209034e-01 5.152206330518e-02 1.361203822692e-02
 4.148024337347e-02 5.180183107753e-02 1.251706562021e-01 1.859721406781e-01 2.102031822222e-01 1.923837651475e-01 1.372030470390e-01 6.248378305204e-02 6.248361502422e-02 1.372029248948e-01 1.923837125253e-01 2.102032862669e-01 1.859722163124e-01 1.251707843819e-01 5.180186677974e-02 4.148022199204e-02
 6.985492441383e-02 8.071047252444e-02 1.266295688428e-01 1.759857634941e-01 1.970858257658e-01 1.823755464000e-01 1.365842546264e-01 8.116881567483e-02 8.116867079162e-02 1.365842561939e-01 1.823755293141e-01 1.970858015881e-01 1.759858880633e-01 1.266295041172e-01 8.071051065434e-02 6.985497623840e-02
 9.171155795482e-02 1.111469126489e-01 1.422547582434e-01 1.763580069570e-01 1.895113878125e-01 1.741463458523e-01 1.345984997820e-01 9.127353730585e-02 9.127387913884e-02 1.345981249170e-01 1.741464853756e-01 1.895113467299e-01 1.763579038754e-01 1.422546229992e-01 1.111470624882e-01 9.171154530359e-02
 1.046805736260e-01 1.327016899681e-01 1.594068834680e-01 1.807728065927e-01 1.836823279842e-01 1.635029734213e-01 1.243402436307e-01 8.400602635693e-02 8.400618034381e-02 1.243403541924e-01 1.635028312838e-01 1.836821684470e-01 1.807727868398e-01 1.594067546253e-01 1.327014162788e-01 1.046805762330e-01
 1.081608016931e-01 1.421596625036e-01 1.692470917290e-01 1.824646432134e-01 1.763310394659e-01 1.495111285617e-01 1.058096040566e-01 5.918015550027e-02 5.918009667035e-02 1.058096922001e-01 1.495113158269e-01 1.763309905694e-01 1.824644220223e-01 1.692471864399e-01 1.421594457459e-01 1.081607795963e-01
 1.030133573858e-01 1.394728293914e-01 1.683504377965e-01 1.782487521025e-01 1.678300793176e-01 1.375730558117e-01 9.068862001466e-02 3.390804891477e-02 3.390797541539e-02 9.068856808759e-02 1.375731103941e-01 1.678299596551e-01 1.782489244483e-01 1.683502419237e-01 1.394728467024e-01 1.030134208247e-01
 9.105340220613e-02 1.212029470606e-01 1.459583252134e-01 1.547335590443e-01 1.461509686099e-01 1.209929541481e-01 8.278873548599e-02 4.137377646076e-02 4.137358119955e-02 8.278878161147e-02 1.209929328884e-01 1.461508205405e-01 1.547337507234e-01 1.459583037025e-01 1.212029909123e-01 9.105345984852e-02
 7.490002673113e-02 9.358465952802e-02 1.087090629414e-01 1.138968410001e-01 1.074329835496e-01 8.957134488245e-02 6.305415634484e-02 3.615017504041e-02 3.615015485531e-02 6.305419138220e-02 8.957136192769e-02 1.074329952671e-01 1.138968762238e-01 1.087090959358e-01 9.358468560468e-02 7.490004309400e-02

