8.053190069486e-02 9.979620024747e-02 1.146975922934e-01 1.193964581954e-01 1.118300695409e-01 9.175132684357e-02 6.113490831001e-02 2.547414184744e-02 2.547410965631e-02 6.113487776422e-02 9.175128198765e-02 1.118300324321e-01 1.193964370603e-01 1.146975662143e-01 9.979622816980e-02 8.053192363797e-02
 1.046031197223e-01 1.353588141183e-01 1.575962934999e-01 1.635085649331e-01 1.524425556387e-01 1.248287997855e-01 8.374197206020e-02 3.766829671187e-02 3.766820982992e-02 8.374191353711e-02 1.248287791693e-01 1.524424879362e-01 1.635085452065e-01 1.575962089455e-01 1.353587867455e-01 1.046031310612e-01
 1.293357551609e-01 1.660708198087e-01 1.841864208920e-01 1.845041613239e-01 1.687011358131e-01 1.387979325638e-01 9.960277766374e-02 6.387384094348e-02 6.387402624173e-02 9.960270235215e-02 1.387977435053e-01 1.687011060819e-01 1.845041731335e-01 1.841863506113e-01 1.660706820285e-01 1.293357099080e-01
 1.477168392969e-01 1.825076754172e-01 1.878953923486e-01 1.825407091446e-01 1.679241211109e-01 1.459698092790e-01 1.212109785909e-01 1.030569322472e-01 1.030569835270e-01 1.212108001456e-01 1.459697429531e-01 1.679238690080e-01 1.825405513806e-01 1.878953829907e-01 1.825076264356e-01 1.477168357643e-01
 1.554714915692e-01 1.848845399214e-01 1.796544737800e-01 1.748016328742e-01 1.680620871548e-01 1.565174308298e-01 1.413722743901e-01 1.296358210313e-01 1.296356408066e-01 1.413720502878e-01 1.565175714666e-01 1.680618617263e-01 1.748015529389e-01 1.796544053553e-01 1.848846283056e-01 1.554714626085e-01
 1.505788699558e-01 1.730081677170e-01 1.637726791326e-01 1.678625603443e-01 1.728009542832e-01 1.680423407154e-01 1.534585071612e-01 1.394881454914e-01 1.394883089833e-01 1.534584231035e-01 1.680426419112e-01 1.728007953448e-01 1.678627668495e-01 1.637729545219e-01 1.730080730151e-01 1.505789020362e-01
 1.343183189887e-01 1.512096458629e-01 1.502028918322e-01 1.712990923283e-01 1.867840018045e-01 1.822655656467e-01 1.597400976711e-01 1.363223701383e-01 1.363225511532e-01 1.597401345353e-01 1.822655751673e-01 1.867842455869e-01 1.712993357162e-01 1.502030829775e-01 1.512096306988e-01 1.343184287874e-01
 1.116736017409e-01 1.291555438283e-01 1.507869369627e-01 1.894742160712e-01 2.099711321568e-01 2.003502601943e-01 1.653427703140e-01 1.279582762478e-01 1.279581998363e-01 1.653429524476e-01 2.003503133966e-01 2.099713139567e-01 1.894744022426e-01 1.507868426415e-01 1.291557897531e-01 1.116736957756e-01
 9.140923517521e-02 1.196070211763e-01 1.678585602230e-01 2.163478906719e-01 2.362383784866e-01 2.195820181338e-01 1.728323143857e-01 1.221842641740e-01 1.221844354552e-01 1.728324029166e-01 2.195822494868e-01 2.362382022094e-01 2.163479803366e-01 1.678585869840e-01 1.196070376843e-01 9.140922882024e-02
 8.337403326308e-02 1.274725736866e-01 1.915216981414e-01 2.413909320715e-01 2.574108575607e-01 2.344733506055e-01 1.800421571627e-01 1.215188261839e-01 1.215192881855e-01 1.800420528783e-01 2.344733850694e-01 2.574108106542e-01 2.413907810440e-01 1.915218602319e-01 1.274726329590e-01 8.337402705832e-02
 8.865351721122e-02 1.433289455724e-01 2.103196075301e-01 2.561476078061e-01 2.670643138904e-01 2.398322894035e-01 1.824477922589e-01 1.222220251436e-01 1.222224859232e-01 1.824475347031e-01 2.398322608447e-01 2.670643375696e-01 2.561473591385e-01 2.103196962345e-01 1.433290199652e-01 8.865349435103e-02
 9.769381197412e-02 1.553180712337e-01 2.172272686124e-01 2.561790199617e-01 2.620221612367e-01 2.328083640128e-01 1.765318618248e-01 1.190881070217e-01 1.190883137628e-01 1.765318780012e-01 2.328082485826e-01 2.620221362751e-01 2.561788972425e-01 2.172271533355e-01 1.553180536022e-01 9.769383172674e-02
 1.019657600038e-01 1.569349759668e-01 2.097980779328e-01 2.408210345510e-01 2.423696426580e-01 2.133839508342e-01 1.612950567958e-01 1.093267486653e-01 1.093263102550e-01 1.612953278637e-01 2.133838092676e-01 2.423697569440e-01 2.408208389342e-01 2.097979348704e-01 1.569349857294e-01 1.019658159962e-01
 9.804837218554e-02 1.465902957991e-01 1.890273758462e-01 2.122813268213e-01 2.107144765622e-01 1.838450063474e-01 1.380693004165e-01 9.300041153009e-02 9.299987736888e-02 1.380695108230e-01 1.838448392674e-01 2.107145398324e-01 2.122813058584e-01 1.890274042977e-01 1.465902908284e-01 9.804837126696e-02
 8.612097151197e-02 1.258861630834e-01 1.580997375971e-01 1.744773473332e-01 1.710844551933e-01 1.477704215158e-01 1.095698514855e-01 7.192135324811e-02 7.192110781541e-02 1.095699064832e-01 1.477702708517e-01 1.710844031432e-01 1.744774925337e-01 1.580997282723e-01 1.258862515400e-01 8.612103309195e-02
 6.840669429004e-02 9.818962448510e-02 1.211456039987e-01 1.318023178976e-01 1.277531879082e-01 1.089450845519e-01 7.884377189379e-02 4.838520616474e-02 4.838472519697e-02 7.884392260287e-02 1.089451165676e-01 1.277531017144e-01 1.318023797686e-01 1.211455728863e-01 9.818969788178e-02 6.840675700063e-02
 4.819695151231e-02 6.753650624007e-02 8.208462080764e-02 8.799498749703e-02 8.428375627512e-02 7.059949308746e-02 4.869968627174e-02 2.443363544323e-02 2.443336409083e-02 4.869979256678e-02 7.059960464685e-02 8.428371213175e-02 8.799503605941e-02 8.208460724306e-02 6.753650364705e-02 4.819695360832e-02
 3.020580068811e-02 4.053896747056e-02 4.824831255419e-02 5.102503702738e-02 4.842887437282e-02 4.003636026779e-02 2.654590068427e-02 9.886851256887e-03 9.886836072850e-03 2.654592095769e-02 4.003636669847e-02 4.842887986249e-02 5.102507322518e-02 4.824826047504e-02 4.053897261853e-02 3.020580760570e-02
 1.772583798560e-02 2.259350953311e-02 2.617646835388e-02 2.743190334943e-02 2.583473518614e-02 2.122645408112e-02 1.396338518049e-02 4.896123163463e-03 4.896130129247e-03 1.396337720079e-02 2.122641919717e-02 2.583469915242e-02 2.743189287306e-02 2.617646943675e-02 2.259350906061e-02 1.772587381340e-02
 1.002639701584e-02 1.234841514001e-02 1.400297426252e-02 1.449073010819e-02 1.352718142567e-02 1.104789842646e-02 7.241513717169e-03 2.538683570959e-03 2.538694337718e-03 7.241495821736e-03 1.104786983291e-02 1.352716344633e-02 1.449068286822e-02 1.400300041227e-02 1.234844871502e-02 1.002639531943e-02
 5.536451931089e-03 6.617914147836e-03 7.350120652907e-03 7.503581225503e-03 6.939799136328e-03 5.632783250254e-03 3.679266813300e-03 1.294396523872e-03 1.294389981112e-03 3.679255009146e-03 5.632766177953e-03 6.939776341049e-03 7.503562774604e-03 7.350115129620e-03 6.617950016208e-03 5.536494522357e-03
 3.061944734999e-03 3.546059858518e-03 3.848264792062e-03 3.866006834881e-03 3.536402112590e-03 2.849939335562e-03 1.855849343718e-03 6.645730883038e-04 6.645558904826e-04 1.855863186145e-03 2.849912067046e-03 3.536362722221e-03 3.866013741308e-03 3.848261009252e-03 3.546070424830e-03 3.061970715938e-03
 1.780664125102e-03 1.980981068765e-03 2.086118698690e-03 2.050989461972e-03 1.848445116954e-03 1.476318546960e-03 9.604478944363e-04 3.645143728350e-04 3.645341404274e-04 9.604125879350e-04 1.476296224224e-03 1.848445304066e-03 2.050950240981e-03 2.086128330873e-03 1.981011737714e-03 1.780634192420e-03
 1.160746763957e-03 1.228472844546e-03 1.243929586306e-03 1.187814670938e-03 1.049095361306e-03 8.286687843590e-04 5.418723990942e-04 2.330297078809e-04 2.330222412395e-04 5.418548536807e-04 8.286510115296e-04 1.049064663496e-03 1.187831341057e-03 1.243920790423e-03 1.228478210437e-03 1.160770095988e-03
 8.721583932296e-04 8.805780439828e-04 8.567233713961e-04 7.926869280014e-04 6.847188700170e-04 5.350317206960e-04 3.545328424938e-04 1.778425567180e-04 1.778183773678e-04 3.545291720272e-04 5.350029853246e-04 6.846859816149e-04 7.927140724360e-04 8.567593456966e-04 8.806122265569e-04 8.721316851506e-04
 7.266155115250e-04 7.106356487221e-04 6.716398260147e-04 6.066218158939e-04 5.148336857617e-04 3.993891124702e-04 2.689850107710e-04 1.515692154026e-04 1.515136086107e-04 2.689737327171e-04 3.993645908597e-04 5.148618517685e-04 6.066034969953e-04 6.716852476667e-04 7.106801639923e-04 7.266371997062e-04
 6.323787979704e-04 6.076533860194e-04 5.648288034328e-04 5.028874615904e-04 4.225132176025e-04 3.266767379673e-04 2.230971476824e-04 1.350000544122e-04 1.349910479346e-04 2.230993433528e-04 3.266753165460e-04 4.224870451707e-04 5.029171567587e-04 5.648721204617e-04 6.076684485409e-04 6.323964297818e-04
 5.504364102353e-04 5.240554881158e-04 4.829335732074e-04 4.268522611922e-04 3.568914140841e-04 2.759778938764e-04 1.908819685540e-04 1.212287514986e-04 1.212587188650e-04 1.908745017723e-04 2.759686972551e-04 3.568924742706e-04 4.268648236440e-04 4.829465363884e-04 5.240852827018e-04 5.504274320652e-04
 4.657263089496e-04 4.413255077041e-04 4.049466433872e-04 3.567430905447e-04 2.978406073103e-04 2.309704889898e-04 1.619369952638e-04 1.072352605292e-04 1.072248866369e-04 1.619259498728e-04 2.309831208099e-04 2.978311136650e-04 3.567433376206e-04 4.049633130199e-04 4.413284984499e-04 4.657535454090e-04
 3.735955350398e-04 3.531779862083e-04 3.234404355153e-04 2.846397358335e-04 2.378815851700e-04 1.853536947831e-04 1.320052711908e-04 9.090996646839e-05 9.091746048510e-05 1.319905064598e-04 1.853619235084e-04 2.378584910300e-04 2.846571875525e-04 3.234527698232e-04 3.531855338351e-04 3.735825742155e-04
 2.740734810013e-04 2.588710075775e-04 2.369597465603e-04 2.086130739841e-04 1.747343558741e-04 1.370219924572e-04 9.922564738763e-05 7.090596077973e-05 7.090453936529e-05 9.924193108127e-05 1.369881520013e-04 1.747505738218e-04 2.086131041793e-04 2.369663264344e-04 2.588683276911e-04 2.740834171192e-04
 1.713972430222e-04 1.617849521215e-04 1.481077093581e-04 1.305204849264e-04 1.095356961480e-04 8.635810408477e-05 6.337283538420e-05 4.649178452870e-05 4.646337074068e-05 6.338254389890e-05 8.634611540832e-05 1.095201375635e-04 1.305175299274e-04 1.480999982974e-04 1.617997005023e-04 1.713942495647e-04
 8.605875348512e-05 8.085064510661e-05 7.360628701717e-05 6.441493914213e-05 5.342972637454e-05 4.125588924602e-05 2.886342533892e-05 1.905779847325e-05 1.905472291807e-05 2.882152928398e-05 4.124941488585e-05 5.342968394391e-05 6.436920791657e-05 7.360750209908e-05 8.086942812431e-05 8.604666011157e-05
 1.104983731636e-04 1.036434774445e-04 9.414140566676e-05 8.217956200134e-05 6.805968504910e-05 5.233414368231e-05 3.630629215187e-05 2.359799733814e-05 2.360790697382e-05 3.631959157986e-05 5.233668227625e-05 6.804066328221e-05 8.218963857411e-05 9.413282508966e-05 1.036228257251e-04 1.105188386963e-04
 2.094902202175e-04 1.975542275991e-04 1.807601147039e-04 1.594084312831e-04 1.342626648953e-04 1.068257003386e-04 8.002212465511e-05 6.100619597300e-05 6.097117612430e-05 8.003718996450e-05 1.068008762735e-04 1.342882153056e-04 1.593809195987e-04 1.807769847707e-04 1.975275599989e-04 2.094949341479e-04
 3.154881888756e-04 2.984534219402e-04 2.742410684390e-04 2.432646842331e-04 2.067493827502e-04 1.671767179126e-04 1.293439171810e-04 1.033339693601e-04 1.033438695963e-04 1.293128009584e-04 1.671712360371e-04 2.067504561526e-04 2.432684194867e-04 2.742040277517e-04 2.984258699463e-04 3.155037072161e-04
 4.168110675088e-04 3.955817538455e-04 3.649086185385e-04 3.253046460461e-04 2.785577103960e-04 2.279386269380e-04 1.801870118989e-04 1.480427455320e-04 1.480540103081e-04 1.801447853232e-04 2.279546531037e-04 2.785216525245e-04 3.253285141025e-04 3.648726283556e-04 3.955679143139e-04 4.167955076258e-04
 5.096593872101e-04 4.856200271755e-04 4.499149375160e-04 4.032514871358e-04 3.476415669508e-04 2.873819469993e-04 2.308499261658e-04 1.933428878745e-04 1.933087364265e-04 2.308572477359e-04 2.873918983376e-04 3.476561043833e-04 4.032224837478e-04 4.499193005795e-04 4.855920849094e-04 5.096003578798e-04
 5.927350482875e-04 5.678581033052e-04 5.291825597018e-04 4.771557730131e-04 4.140946563913e-04 3.450917256544e-04 2.801746669059e-04 2.372867902904e-04 2.373165978012e-04 2.801890910577e-04 3.450973934702e-04 4.141214106190e-04 4.771677638676e-04 5.291511633134e-04 5.678464595851e-04 5.927125630856e-04
 6.683984190487e-04 6.458670349134e-04 6.069204537861e-04 5.514612545819e-04 4.816188094387e-04 4.031856109831e-04 3.279955247103e-04 2.778551225182e-04 2.778169541554e-04 3.280084733624e-04 4.032195563801e-04 4.816131837512e-04 5.514690631535e-04 6.069213384879e-04 6.458125574252e-04 6.683731010743e-04
 7.475526966648e-04 7.334760528908e-04 6.989900151788e-04 6.421705365733e-04 5.641530135995e-04 4.711366906237e-04 3.775643411875e-04 3.124716421391e-04 3.124569321857e-04 3.775744894822e-04 4.711096128189e-04 5.641605523591e-04 6.421612179732e-04 6.989627537174e-04 7.334402721632e-04 7.475357618898e-04
 8.644212258817e-04 8.731938602781e-04 8.532957479981e-04 7.980375611299e-04 7.055687130039e-04 5.814601427615e-04 4.444058078217e-04 3.390562783090e-04 3.391142540312e-04 4.443553727175e-04 5.814632646791e-04 7.055416456639e-04 7.980334737051e-04 8.532548126885e-04 8.731523632772e-04 8.644393139927e-04
 1.112459275495e-03 1.178761160392e-03 1.197061948248e-03 1.149165448618e-03 1.025565302783e-03 8.299231808914e-04 5.852225872605e-04 3.622485622268e-04 3.622095582888e-04 5.851863992962e-04 8.299456602243e-04 1.025562992846e-03 1.149123970958e-03 1.197078313745e-03 1.178745804577e-03 1.112428954991e-03
 1.696963487801e-03 1.895363149514e-03 2.001874200082e-03 1.972955289383e-03 1.783265174258e-03 1.432520278005e-03 9.500270899921e-04 4.240621508379e-04 4.240473024399e-04 9.500497507703e-04 1.432520810811e-03 1.783278463308e-03 1.972971590603e-03 2.001858562541e-03 1.895392329038e-03 1.696968645426e-03
 2.969907133850e-03 3.451680745321e-03 3.751807329500e-03 3.771036935574e-03 3.450067276678e-03 2.781449649439e-03 1.814897560306e-03 6.665416516683e-04 6.665577040602e-04 1.814914663544e-03 2.781456540282e-03 3.450104768442e-03 3.771077173467e-03 3.751807897997e-03 3.451713375249e-03 2.969924249437e-03
 5.479718435577e-03 6.560802562661e-03 7.284400192030e-03 7.429875067443e-03 6.866151838118e-03 5.570981326644e-03 3.642617481025e-03 1.305322557834e-03 1.305333330977e-03 3.642638884154e-03 5.571034623884e-03 6.866178838649e-03 7.429897089156e-03 7.284469504751e-03 6.560792584904e-03 5.479727416245e-03
 1.007886643075e-02 1.241466655174e-02 1.404899300108e-02 1.451025524868e-02 1.352750081352e-02 1.104298257199e-02 7.250781164455e-03 2.616634190941e-03 2.616656379141e-03 7.250765836365e-03 1.104301211429e-02 1.352752685552e-02 1.451031130100e-02 1.404900649238e-02 1.241467849944e-02 1.007892502537e-02
 1.803062644903e-02 2.296711330200e-02 2.649779411609e-02 2.769049174442e-02 2.603275076747e-02 2.137304670078e-02 1.407889807396e-02 5.068418631014e-03 5.068401579709e-03 1.407890759083e-02 2.137305779245e-02 2.603278363359e-02 2.769050128184e-02 2.649780990193e-02 2.296718507055e-02 1.803064435833e-02
 3.104670683376e-02 4.170873721607e-02 4.967238530916e-02 5.257785752765e-02 5.005640540895e-02 4.172686610791e-02 2.850717955299e-02 1.359018959143e-02 1.359033591275e-02 2.850715438696e-02 4.172683273345e-02 5.005641280338e-02 5.257784923848e-02 4.967238239909e-02 4.170877363443e-02 3.104675543607e-02
 4.997822951499e-02 7.121556137469e-02 8.802659792456e-02 9.639776302723e-02 9.518298945055e-02 8.454162997795e-02 6.766847581957e-02 5.278316813936e-02 5.278321504445e-02 6.766856923197e-02 8.454163555979e-02 9.518292395570e-02 9.639766113426e-02 8.802657497540e-02 7.121555463045e-02 4.997826467386e-02
 7.052249460972e-02 1.046698251811e-01 1.335547076280e-01 1.508341436481e-01 1.541460572738e-01 1.443507664134e-01 1.268173230627e-01 1.122022087828e-01 1.122021006471e-01 1.268173312537e-01 1.443507650597e-01 1.541459472125e-01 1.508342760598e-01 1.335545898137e-01 1.046696532088e-01 7.052252463069e-02
 8.841629529932e-02 1.340171656167e-01 1.750407980033e-01 2.013127242181e-01 2.087970751360e-01 1.984258593779e-01 1.773829811979e-01 1.595693792388e-01 1.595696065350e-01 1.773828374828e-01 1.984260727900e-01 2.087969057169e-01 2.013129267208e-01 1.750406337585e-01 1.340171327841e-01 8.841626326164e-02
 1.004044653561e-01 1.547569471341e-01 2.072703173856e-01 2.420961790015e-01 2.527846423906e-01 2.398520219753e-01 2.122262824660e-01 1.882763783246e-01 1.882766380628e-01 2.122261630833e-01 2.398523310193e-01 2.527845291457e-01 2.420963062380e-01 2.072703409137e-01 1.547569556730e-01 1.004044140680e-01
 1.042620282143e-01 1.632546169401e-01 2.258692927368e-01 2.685372310757e-01 2.813649507214e-01 2.638017592052e-01 2.260852921580e-01 1.921391849316e-01 1.921392863078e-01 2.260852829359e-01 2.638018557942e-01 2.813650881917e-01 2.685374718832e-01 2.258693703633e-01 1.632546719434e-01 1.042620428746e-01
 9.991933898710e-02 1.583595925052e-01 2.291370072825e-01 2.789982758085e-01 2.933111943715e-01 2.696210784433e-01 2.182079775143e-01 1.684342112233e-01 1.684343980549e-01 2.182078895556e-01 2.696211911742e-01 2.933113201335e-01 2.789984588106e-01 2.291371694808e-01 1.583596696832e-01 9.991936621935e-02
 9.120410757074e-02 1.437396698565e-01 2.203847636461e-01 2.771717381510e-01 2.933985009019e-01 2.640647308737e-01 1.974702897393e-01 1.237940130888e-01 1.237940668903e-01 1.974702475271e-01 2.640646969705e-01 2.933984059459e-01 2.771718608505e-01 2.203849227039e-01 1.437395982797e-01 9.120407565681e-02
 8.737227860329e-02 1.307850853679e-01 2.098067638276e-01 2.731155651227e-01 2.930264980698e-01 2.623712594433e-01 1.876146387417e-01 9.456086738774e-02 9.456086549929e-02 1.876143950255e-01 2.623711999182e-01 2.930267809144e-01 2.731155894296e-01 2.098068746823e-01 1.307851865031e-01 8.737227884613e-02
 9.804062966864e-02 1.361314136654e-01 2.118351110230e-01 2.793292181525e-01 3.046693774657e-01 2.798105691766e-01 2.134234887088e-01 1.389277089107e-01 1.389277194770e-01 2.134232746540e-01 2.798108047369e-01 3.046693780816e-01 2.793294020279e-01 2.118351149610e-01 1.361315701457e-01 9.804067977255e-02
 1.211884286003e-01 1.636527356471e-01 2.330367349389e-01 3.003045795004e-01 3.303395945797e-01 3.151534867132e-01 2.658671201969e-01 2.163674372956e-01 2.163676184426e-01 2.658669505166e-01 3.151536750120e-01 3.303392305300e-01 3.003047500617e-01 2.330365067430e-01 1.636528842413e-01 1.211884253213e-01
 1.464676306138e-01 1.990953981397e-01 2.639256423115e-01 3.267697367518e-01 3.577695390348e-01 3.499531158666e-01 3.145408525443e-01 2.803165643371e-01 2.803166579207e-01 3.145410291054e-01 3.499528791506e-01 3.577692755062e-01 3.267695901279e-01 2.639254153072e-01 1.990954541059e-01 1.464676624394e-01
 1.649020777264e-01 2.269353749081e-01 2.883413179421e-01 3.430687367466e-01 3.696383791789e-01 3.632912916461e-01 3.345766560419e-01 3.076828611088e-01 3.076825454909e-01 3.345771867284e-01 3.632911249744e-01 3.696383027751e-01 3.430686228396e-01 2.883413297950e-01 2.269352777249e-01 1.649021712675e-01
 1.712418075784e-01 2.375487020062e-01 2.939638905335e-01 3.369274032358e-01 3.535036355122e-01 3.419134145650e-01 3.124171888992e-01 2.866355976153e-01 2.866352558039e-01 3.124175054721e-01 3.419135721986e-01 3.535037742092e-01 3.369275086938e-01 2.939640979896e-01 2.375485775617e-01 1.712418520685e-01
 1.638860186871e-01 2.273605710694e-01 2.758655868928e-01 3.044837177400e-01 3.071528558322e-01 2.847443852985e-01 2.473982552724e-01 2.165048557596e-01 2.165048275612e-01 2.473984010593e-01 2.847444847084e-01 3.071532245917e-01 3.044836510753e-01 2.758658470928e-01 2.273605194844e-01 1.638858858945e-01
 1.445114072959e-01 1.982037385960e-01 2.369868394032e-01 2.523089921301e-01 2.420872275298e-01 2.076741412691e-01 1.567225799983e-01 1.100939338534e-01 1.100940835516e-01 1.567228463375e-01 2.076741106651e-01 2.420874355536e-01 2.523086529670e-01 2.369869218116e-01 1.982037273824e-01 1.445112121717e-01
 1.172836100537e-01 1.546660715240e-01 1.819476339260e-01 1.902501375308e-01 1.782124294919e-01 1.458344332449e-01 9.635036633329e-02 3.736731061071e-02 3.736740700378e-02 9.635049347765e-02 1.458343402889e-01 1.782124445708e-01 1.902500765290e-01 1.819476029051e-01 1.546659422217e-01 1.172834730082e-01
 9.021753346993e-02 1.112602162992e-01 1.266800723659e-01 1.311546811081e-01 1.223698302297e-01 1.001270730260e-01 6.661325289160e-02 2.779567526491e-02 2.779570083050e-02 6.661325248183e-02 1.001270328040e-01 1.223698158135e-01 1.311546924736e-01 1.266800371560e-01 1.112601622999e-01 9.021748534439e-02

